[
    {
        "timestamp": "2024-07-12T15:30:43.223006",
        "attribute_name": "elbow",
        "values": [
            0.20127903329166627,
            -1.0
        ]
    },
    {
        "timestamp": "2024-07-12T15:30:43.223006",
        "attribute_name": "O_T_EE",
        "values": [
            -0.03982251886229084,
            -0.9990699778614635,
            0.0159403020224044,
            0.0,
            -0.9985580088303977,
            0.039221484032785546,
            -0.036391277693231895,
            0.0,
            0.03573291866749125,
            -0.01736684295555191,
            -0.9992104639610514,
            0.0,
            0.05242433869389588,
            -0.4013108052038503,
            0.14347644843540655,
            1.0
        ]
    },
    {
        "timestamp": "2024-07-12T15:30:43.223006",
        "attribute_name": "tau_J_d",
        "values": [
            0.0,
            0.0,
            0.0,
            0.0,
            0.0,
            0.0,
            0.0
        ]
    },
    {
        "timestamp": "2024-07-12T15:30:43.223006",
        "attribute_name": "q",
        "values": [
            -1.6392626777425516,
            -0.06854360238964817,
            0.20127903329166627,
            -2.7257796928386213,
            0.10494602659794698,
            2.678370282117131,
            0.8640082237223787
        ]
    },
    {
        "timestamp": "2024-07-12T15:30:43.223006",
        "attribute_name": "q_d",
        "values": [
            -1.6390044621961157,
            -0.06837574825788799,
            0.20147740815875356,
            -2.725782479976033,
            0.10489012334654187,
            2.6784038455932504,
            0.8640319389197381
        ]
    },
    {
        "timestamp": "2024-07-12T15:30:43.223006",
        "attribute_name": "dq",
        "values": [
            -0.0015760839424307383,
            0.015212166492535317,
            0.004616886916337126,
            -0.002176225601568679,
            0.0014970350366449788,
            -0.0009381837644389668,
            -0.002072241703255169
        ]
    },
    {
        "timestamp": "2024-07-12T15:30:43.223006",
        "attribute_name": "tau_J",
        "values": [
            -0.18862289190292358,
            -20.084951400756836,
            -0.6218365430831909,
            17.062143325805664,
            0.364707350730896,
            2.489208221435547,
            0.14452001452445984
        ]
    },
    {
        "timestamp": "2024-07-12T15:30:43.223006",
        "attribute_name": "dtau_J",
        "values": [
            109.37980651855469,
            -75.76378631591797,
            8.743457794189453,
            -25.854324340820312,
            -12.427116394042969,
            21.220760345458984,
            90.73481750488281
        ]
    },
    {
        "timestamp": "2024-07-12T15:30:43.223006",
        "attribute_name": "ddq_d",
        "values": [
            0.0,
            0.0,
            0.0,
            0.0,
            0.0,
            0.0,
            0.0
        ]
    },
    {
        "timestamp": "2024-07-12T15:30:43.223006",
        "attribute_name": "delbow_c",
        "values": [
            0.0,
            0.0
        ]
    },
    {
        "timestamp": "2024-07-12T15:30:43.223006",
        "attribute_name": "elbow_c",
        "values": [
            0.20147740815875356,
            -1.0
        ]
    },
    {
        "timestamp": "2024-07-12T15:30:43.223006",
        "attribute_name": "elbow_d",
        "values": [
            0.20147740815875356,
            -1.0
        ]
    },
    {
        "timestamp": "2024-07-12T15:30:43.223006",
        "attribute_name": "F_T_EE",
        "values": [
            0.707099974155426,
            -0.707099974155426,
            0.0,
            0.0,
            0.707099974155426,
            0.707099974155426,
            0.0,
            0.0,
            0.0,
            0.0,
            1.0,
            0.0,
            0.0,
            0.0,
            0.10339999943971634,
            1.0
        ]
    },
    {
        "timestamp": "2024-07-12T15:30:43.223006",
        "attribute_name": "O_ddP_EE_c",
        "values": [
            0.0,
            0.0,
            0.0,
            0.0,
            0.0,
            0.0
        ]
    },
    {
        "timestamp": "2024-07-12T15:30:43.223006",
        "attribute_name": "O_dP_EE_d",
        "values": [
            0.0,
            0.0,
            0.0,
            0.0,
            0.0,
            0.0
        ]
    },
    {
        "timestamp": "2024-07-12T15:30:43.223006",
        "attribute_name": "O_T_EE",
        "values": [
            -0.03982251886229084,
            -0.9990699778614635,
            0.0159403020224044,
            0.0,
            -0.9985580088303977,
            0.039221484032785546,
            -0.036391277693231895,
            0.0,
            0.03573291866749125,
            -0.01736684295555191,
            -0.9992104639610514,
            0.0,
            0.05242433869389588,
            -0.4013108052038503,
            0.14347644843540655,
            1.0
        ]
    },
    {
        "timestamp": "2024-07-12T15:30:43.223006",
        "attribute_name": "O_F_ext_hat_K",
        "values": [
            1.9665589256296445,
            -1.968298798636809,
            -2.0324792483620544,
            1.161868007474417,
            1.0829663093855113,
            0.5895224432361569
        ]
    },
    {
        "timestamp": "2024-07-12T15:30:43.223006",
        "attribute_name": "m_ee",
        "values": 0.7300000190734863
    },
    {
        "timestamp": "2024-07-12T15:30:43.223006",
        "attribute_name": "tau_ext_hat_filtered",
        "values": [
            0.6413043231804172,
            0.4766964241660272,
            0.5663619818129382,
            0.28155507897996923,
            -0.21258170679874833,
            0.14654256230594237,
            0.09249874387961937
        ]
    },
    {
        "timestamp": "2024-07-12T15:30:43.223006",
        "attribute_name": "joint_contact",
        "values": [
            0.0,
            0.0,
            0.0,
            0.0,
            0.0,
            0.0,
            0.0
        ]
    },
    {
        "timestamp": "2024-07-12T15:30:43.223006",
        "attribute_name": "dq_d",
        "values": [
            0.0,
            0.0,
            0.0,
            0.0,
            0.0,
            0.0,
            0.0
        ]
    },
    {
        "timestamp": "2024-07-12T15:30:43.223006",
        "attribute_name": "EE_T_K",
        "values": [
            1.0,
            0.0,
            0.0,
            0.0,
            0.0,
            1.0,
            0.0,
            0.0,
            0.0,
            0.0,
            1.0,
            0.0,
            0.0,
            0.0,
            0.0,
            1.0
        ]
    },
    {
        "timestamp": "2024-07-12T15:30:43.223006",
        "attribute_name": "K_F_ext_hat_K",
        "values": [
            1.8557923039485338,
            -1.9669961189645946,
            2.135328559016938,
            -0.697709901676626,
            -0.03299133799758449,
            0.08663888261258479
        ]
    },
    {
        "timestamp": "2024-07-12T15:30:43.223006",
        "attribute_name": "O_dP_EE_c",
        "values": [
            0.0,
            0.0,
            0.0,
            0.0,
            0.0,
            0.0
        ]
    },
    {
        "timestamp": "2024-07-12T15:30:43.223006",
        "attribute_name": "O_F_ext_hat_K",
        "values": [
            1.9665589256296445,
            -1.968298798636809,
            -2.0324792483620544,
            1.161868007474417,
            1.0829663093855113,
            0.5895224432361569
        ]
    },
    {
        "timestamp": "2024-07-12T15:30:43.223006",
        "attribute_name": "cartesian_contact",
        "values": [
            0.0,
            0.0,
            0.0,
            0.0,
            0.0,
            0.0
        ]
    },
    {
        "timestamp": "2024-07-12T15:30:43.223006",
        "attribute_name": "joint_collision",
        "values": [
            0.0,
            0.0,
            0.0,
            0.0,
            0.0,
            0.0,
            0.0
        ]
    },
    {
        "timestamp": "2024-07-12T15:30:43.223006",
        "attribute_name": "cartesian_collision",
        "values": [
            0.0,
            0.0,
            0.0,
            0.0,
            0.0,
            0.0
        ]
    },
    {
        "timestamp": "2024-07-12T15:30:43.223006",
        "attribute_name": "theta",
        "values": [
            -1.6392728090286255,
            -0.06995271891355515,
            0.20123912394046783,
            -2.724583387374878,
            0.10498660802841187,
            2.6786468029022217,
            0.86402428150177
        ]
    },
    {
        "timestamp": "2024-07-12T15:30:43.223006",
        "attribute_name": "control_command_success_rate",
        "values": 0.0
    },
    {
        "timestamp": "2024-07-12T15:30:43.223006",
        "attribute_name": "ddelbow_c",
        "values": [
            0.0,
            0.0
        ]
    },
    {
        "timestamp": "2024-07-12T15:30:43.223006",
        "attribute_name": "O_T_EE_d",
        "values": [
            -0.03934181759701761,
            -0.9990911602084289,
            0.015805754735114738,
            0.0,
            -0.9985777141564641,
            0.038746387221573024,
            -0.03635949901381063,
            0.0,
            0.035714725780153084,
            -0.017214054635923525,
            -0.999213758254679,
            0.0,
            0.05260609722290817,
            -0.4012605621325585,
            0.14341086306324782,
            1.0
        ]
    },
    {
        "timestamp": "2024-07-12T15:30:43.250379",
        "attribute_name": "elbow",
        "values": [
            0.2014327269163657,
            -1.0
        ]
    },
    {
        "timestamp": "2024-07-12T15:30:43.250379",
        "attribute_name": "O_T_EE",
        "values": [
            -0.03962097527164288,
            -0.9990824686476678,
            0.01565714088249778,
            0.0,
            -0.9985658323582983,
            0.03903032360376836,
            -0.03638212730411016,
            0.0,
            0.0357383303598955,
            -0.01707651005966364,
            -0.9992152743764826,
            0.0,
            0.05250556442858025,
            -0.4012371564811624,
            0.14337043278112288,
            1.0
        ]
    },
    {
        "timestamp": "2024-07-12T15:30:43.250379",
        "attribute_name": "tau_J_d",
        "values": [
            0.0,
            0.0,
            0.0,
            0.0,
            0.0,
            0.0,
            0.0
        ]
    },
    {
        "timestamp": "2024-07-12T15:30:43.250379",
        "attribute_name": "q",
        "values": [
            -1.6392110956174073,
            -0.06830698526051365,
            0.2014327269163657,
            -2.725807557615448,
            0.1049473791398017,
            2.67835145660818,
            0.8640104616781076
        ]
    },
    {
        "timestamp": "2024-07-12T15:30:43.250379",
        "attribute_name": "q_d",
        "values": [
            -1.6390044621961157,
            -0.06837574825788799,
            0.20147740815875356,
            -2.725782479976033,
            0.10489012334654187,
            2.6784038455932504,
            0.8640319389197381
        ]
    },
    {
        "timestamp": "2024-07-12T15:30:43.250379",
        "attribute_name": "dq",
        "values": [
            0.0080007870586999,
            0.012741978902387091,
            0.008063148617748239,
            -0.0005129406921150609,
            -0.006010196101317294,
            0.0038657225157455806,
            -0.001414715176659194
        ]
    },
    {
        "timestamp": "2024-07-12T15:30:43.250379",
        "attribute_name": "tau_J",
        "values": [
            -0.7876829504966736,
            -22.108266830444336,
            -1.331980586051941,
            17.173227310180664,
            0.354636549949646,
            2.572521209716797,
            0.12437841296195984
        ]
    },
    {
        "timestamp": "2024-07-12T15:30:43.250379",
        "attribute_name": "dtau_J",
        "values": [
            -8.035507202148438,
            -30.52498435974121,
            -23.487815856933594,
            86.5295181274414,
            82.63685607910156,
            -43.453731536865234,
            48.950584411621094
        ]
    },
    {
        "timestamp": "2024-07-12T15:30:43.250379",
        "attribute_name": "ddq_d",
        "values": [
            0.0,
            0.0,
            0.0,
            0.0,
            0.0,
            0.0,
            0.0
        ]
    },
    {
        "timestamp": "2024-07-12T15:30:43.250379",
        "attribute_name": "delbow_c",
        "values": [
            0.0,
            0.0
        ]
    },
    {
        "timestamp": "2024-07-12T15:30:43.250379",
        "attribute_name": "elbow_c",
        "values": [
            0.20147740815875356,
            -1.0
        ]
    },
    {
        "timestamp": "2024-07-12T15:30:43.250379",
        "attribute_name": "elbow_d",
        "values": [
            0.20147740815875356,
            -1.0
        ]
    },
    {
        "timestamp": "2024-07-12T15:30:43.250379",
        "attribute_name": "F_T_EE",
        "values": [
            0.707099974155426,
            -0.707099974155426,
            0.0,
            0.0,
            0.707099974155426,
            0.707099974155426,
            0.0,
            0.0,
            0.0,
            0.0,
            1.0,
            0.0,
            0.0,
            0.0,
            0.10339999943971634,
            1.0
        ]
    },
    {
        "timestamp": "2024-07-12T15:30:43.250379",
        "attribute_name": "O_ddP_EE_c",
        "values": [
            0.0,
            0.0,
            0.0,
            0.0,
            0.0,
            0.0
        ]
    },
    {
        "timestamp": "2024-07-12T15:30:43.250379",
        "attribute_name": "O_dP_EE_d",
        "values": [
            0.0,
            0.0,
            0.0,
            0.0,
            0.0,
            0.0
        ]
    },
    {
        "timestamp": "2024-07-12T15:30:43.250379",
        "attribute_name": "O_T_EE",
        "values": [
            -0.03962097527164288,
            -0.9990824686476678,
            0.01565714088249778,
            0.0,
            -0.9985658323582983,
            0.03903032360376836,
            -0.03638212730411016,
            0.0,
            0.0357383303598955,
            -0.01707651005966364,
            -0.9992152743764826,
            0.0,
            0.05250556442858025,
            -0.4012371564811624,
            0.14337043278112288,
            1.0
        ]
    },
    {
        "timestamp": "2024-07-12T15:30:43.250379",
        "attribute_name": "O_F_ext_hat_K",
        "values": [
            1.0081326628111371,
            -1.8053561647215248,
            -0.8750352655435808,
            0.6846424236840934,
            0.6395623982683782,
            0.21892159037404718
        ]
    },
    {
        "timestamp": "2024-07-12T15:30:43.250379",
        "attribute_name": "m_ee",
        "values": 0.7300000190734863
    },
    {
        "timestamp": "2024-07-12T15:30:43.250379",
        "attribute_name": "tau_ext_hat_filtered",
        "values": [
            0.274971205722492,
            0.06323469068309205,
            0.18158355488680777,
            0.5497455289594404,
            -0.11829473599148663,
            0.21274513823353475,
            0.09205762750071621
        ]
    },
    {
        "timestamp": "2024-07-12T15:30:43.250379",
        "attribute_name": "joint_contact",
        "values": [
            0.0,
            0.0,
            0.0,
            0.0,
            0.0,
            0.0,
            0.0
        ]
    },
    {
        "timestamp": "2024-07-12T15:30:43.250379",
        "attribute_name": "dq_d",
        "values": [
            0.0,
            0.0,
            0.0,
            0.0,
            0.0,
            0.0,
            0.0
        ]
    },
    {
        "timestamp": "2024-07-12T15:30:43.250379",
        "attribute_name": "EE_T_K",
        "values": [
            1.0,
            0.0,
            0.0,
            0.0,
            0.0,
            1.0,
            0.0,
            0.0,
            0.0,
            0.0,
            1.0,
            0.0,
            0.0,
            0.0,
            0.0,
            1.0
        ]
    },
    {
        "timestamp": "2024-07-12T15:30:43.250379",
        "attribute_name": "K_F_ext_hat_K",
        "values": [
            1.75008963875343,
            -1.0453349484071695,
            0.9412067638075156,
            -0.45306136344541553,
            -0.053781374728804024,
            0.08571750453165229
        ]
    },
    {
        "timestamp": "2024-07-12T15:30:43.250379",
        "attribute_name": "O_dP_EE_c",
        "values": [
            0.0,
            0.0,
            0.0,
            0.0,
            0.0,
            0.0
        ]
    },
    {
        "timestamp": "2024-07-12T15:30:43.250379",
        "attribute_name": "O_F_ext_hat_K",
        "values": [
            1.0081326628111371,
            -1.8053561647215248,
            -0.8750352655435808,
            0.6846424236840934,
            0.6395623982683782,
            0.21892159037404718
        ]
    },
    {
        "timestamp": "2024-07-12T15:30:43.250379",
        "attribute_name": "cartesian_contact",
        "values": [
            0.0,
            0.0,
            0.0,
            0.0,
            0.0,
            0.0
        ]
    },
    {
        "timestamp": "2024-07-12T15:30:43.250379",
        "attribute_name": "joint_collision",
        "values": [
            0.0,
            0.0,
            0.0,
            0.0,
            0.0,
            0.0,
            0.0
        ]
    },
    {
        "timestamp": "2024-07-12T15:30:43.250379",
        "attribute_name": "cartesian_collision",
        "values": [
            0.0,
            0.0,
            0.0,
            0.0,
            0.0,
            0.0
        ]
    },
    {
        "timestamp": "2024-07-12T15:30:43.250379",
        "attribute_name": "theta",
        "values": [
            -1.6392662525177002,
            -0.06985365599393845,
            0.2013413906097412,
            -2.724602699279785,
            0.10498660802841187,
            2.6786372661590576,
            0.86402428150177
        ]
    },
    {
        "timestamp": "2024-07-12T15:30:43.250379",
        "attribute_name": "control_command_success_rate",
        "values": 0.0
    },
    {
        "timestamp": "2024-07-12T15:30:43.250379",
        "attribute_name": "ddelbow_c",
        "values": [
            0.0,
            0.0
        ]
    },
    {
        "timestamp": "2024-07-12T15:30:43.250379",
        "attribute_name": "O_T_EE_d",
        "values": [
            -0.03934181759701761,
            -0.9990911602084289,
            0.015805754735114738,
            0.0,
            -0.9985777141564641,
            0.038746387221573024,
            -0.03635949901381063,
            0.0,
            0.035714725780153084,
            -0.017214054635923525,
            -0.999213758254679,
            0.0,
            0.05260609722290817,
            -0.4012605621325585,
            0.14341086306324782,
            1.0
        ]
    },
    {
        "timestamp": "2024-07-12T15:30:43.278902",
        "attribute_name": "elbow",
        "values": [
            0.20163787462407742,
            -1.0
        ]
    },
    {
        "timestamp": "2024-07-12T15:30:43.278902",
        "attribute_name": "O_T_EE",
        "values": [
            -0.039192179509415344,
            -0.999097238384751,
            0.01579329663098614,
            0.0,
            -0.9985823571241933,
            0.038596726444099186,
            -0.036391147952461116,
            0.0,
            0.03574941415824063,
            -0.017197486884552124,
            -0.9992128030766011,
            0.0,
            0.05268527748519622,
            -0.4012815421511248,
            0.14341067499033847,
            1.0
        ]
    },
    {
        "timestamp": "2024-07-12T15:30:43.278902",
        "attribute_name": "tau_J_d",
        "values": [
            0.0,
            0.0,
            0.0,
            0.0,
            0.0,
            0.0,
            0.0
        ]
    },
    {
        "timestamp": "2024-07-12T15:30:43.278902",
        "attribute_name": "q",
        "values": [
            -1.6389849742378888,
            -0.06829497588513748,
            0.20163787462407742,
            -2.7256792108961037,
            0.10494505466469242,
            2.67837369535214,
            0.8640150437299853
        ]
    },
    {
        "timestamp": "2024-07-12T15:30:43.278902",
        "attribute_name": "q_d",
        "values": [
            -1.6390044621961157,
            -0.06837574825788799,
            0.20147740815875356,
            -2.725782479976033,
            0.10489012334654187,
            2.6784038455932504,
            0.8640319389197381
        ]
    },
    {
        "timestamp": "2024-07-12T15:30:43.278902",
        "attribute_name": "dq",
        "values": [
            0.002447046698621792,
            -0.010526124229107224,
            -0.005858826436033203,
            -0.0019871688197842796,
            -0.001278651875104815,
            -0.003168415549319418,
            0.0013226627885483343
        ]
    },
    {
        "timestamp": "2024-07-12T15:30:43.278902",
        "attribute_name": "tau_J",
        "values": [
            -0.5258421301841736,
            -20.430105209350586,
            -0.7725933790206909,
            15.75294017791748,
            0.373862624168396,
            2.415050506591797,
            0.08317968249320984
        ]
    },
    {
        "timestamp": "2024-07-12T15:30:43.278902",
        "attribute_name": "dtau_J",
        "values": [
            132.28033447265625,
            183.0045928955078,
            172.26193237304688,
            -56.364681243896484,
            -6.266400337219238,
            36.751739501953125,
            -6.998146057128906
        ]
    },
    {
        "timestamp": "2024-07-12T15:30:43.278902",
        "attribute_name": "ddq_d",
        "values": [
            0.0,
            0.0,
            0.0,
            0.0,
            0.0,
            0.0,
            0.0
        ]
    },
    {
        "timestamp": "2024-07-12T15:30:43.278902",
        "attribute_name": "delbow_c",
        "values": [
            0.0,
            0.0
        ]
    },
    {
        "timestamp": "2024-07-12T15:30:43.278902",
        "attribute_name": "elbow_c",
        "values": [
            0.20147740815875356,
            -1.0
        ]
    },
    {
        "timestamp": "2024-07-12T15:30:43.278902",
        "attribute_name": "elbow_d",
        "values": [
            0.20147740815875356,
            -1.0
        ]
    },
    {
        "timestamp": "2024-07-12T15:30:43.278902",
        "attribute_name": "F_T_EE",
        "values": [
            0.707099974155426,
            -0.707099974155426,
            0.0,
            0.0,
            0.707099974155426,
            0.707099974155426,
            0.0,
            0.0,
            0.0,
            0.0,
            1.0,
            0.0,
            0.0,
            0.0,
            0.10339999943971634,
            1.0
        ]
    },
    {
        "timestamp": "2024-07-12T15:30:43.278902",
        "attribute_name": "O_ddP_EE_c",
        "values": [
            0.0,
            0.0,
            0.0,
            0.0,
            0.0,
            0.0
        ]
    },
    {
        "timestamp": "2024-07-12T15:30:43.278902",
        "attribute_name": "O_dP_EE_d",
        "values": [
            0.0,
            0.0,
            0.0,
            0.0,
            0.0,
            0.0
        ]
    },
    {
        "timestamp": "2024-07-12T15:30:43.278902",
        "attribute_name": "O_T_EE",
        "values": [
            -0.039192179509415344,
            -0.999097238384751,
            0.01579329663098614,
            0.0,
            -0.9985823571241933,
            0.038596726444099186,
            -0.036391147952461116,
            0.0,
            0.03574941415824063,
            -0.017197486884552124,
            -0.9992128030766011,
            0.0,
            0.05268527748519622,
            -0.4012815421511248,
            0.14341067499033847,
            1.0
        ]
    },
    {
        "timestamp": "2024-07-12T15:30:43.278902",
        "attribute_name": "O_F_ext_hat_K",
        "values": [
            -1.3370543560698265,
            0.018842206475896003,
            -0.32847638019681386,
            -0.09490851304762282,
            -0.020187947998802486,
            -0.6320091355665637
        ]
    },
    {
        "timestamp": "2024-07-12T15:30:43.278902",
        "attribute_name": "m_ee",
        "values": 0.7300000190734863
    },
    {
        "timestamp": "2024-07-12T15:30:43.278902",
        "attribute_name": "tau_ext_hat_filtered",
        "values": [
            -0.5585179823487927,
            -0.11636320113906984,
            -0.6780507764845805,
            -0.019053375695589563,
            -0.029094504327091923,
            0.18048928374432155,
            0.09403138373350355
        ]
    },
    {
        "timestamp": "2024-07-12T15:30:43.278902",
        "attribute_name": "joint_contact",
        "values": [
            0.0,
            0.0,
            0.0,
            0.0,
            0.0,
            0.0,
            0.0
        ]
    },
    {
        "timestamp": "2024-07-12T15:30:43.278902",
        "attribute_name": "dq_d",
        "values": [
            0.0,
            0.0,
            0.0,
            0.0,
            0.0,
            0.0,
            0.0
        ]
    },
    {
        "timestamp": "2024-07-12T15:30:43.278902",
        "attribute_name": "EE_T_K",
        "values": [
            1.0,
            0.0,
            0.0,
            0.0,
            0.0,
            1.0,
            0.0,
            0.0,
            0.0,
            0.0,
            1.0,
            0.0,
            0.0,
            0.0,
            0.0,
            1.0
        ]
    },
    {
        "timestamp": "2024-07-12T15:30:43.278902",
        "attribute_name": "K_F_ext_hat_K",
        "values": [
            0.02838969956276096,
            1.3478657211188487,
            0.28009485607494844,
            -0.14686179680900524,
            0.23316682867924174,
            0.08572938144883667
        ]
    },
    {
        "timestamp": "2024-07-12T15:30:43.278902",
        "attribute_name": "O_dP_EE_c",
        "values": [
            0.0,
            0.0,
            0.0,
            0.0,
            0.0,
            0.0
        ]
    },
    {
        "timestamp": "2024-07-12T15:30:43.278902",
        "attribute_name": "O_F_ext_hat_K",
        "values": [
            -1.3370543560698265,
            0.018842206475896003,
            -0.32847638019681386,
            -0.09490851304762282,
            -0.020187947998802486,
            -0.6320091355665637
        ]
    },
    {
        "timestamp": "2024-07-12T15:30:43.278902",
        "attribute_name": "cartesian_contact",
        "values": [
            0.0,
            0.0,
            0.0,
            0.0,
            0.0,
            0.0
        ]
    },
    {
        "timestamp": "2024-07-12T15:30:43.278902",
        "attribute_name": "joint_collision",
        "values": [
            0.0,
            0.0,
            0.0,
            0.0,
            0.0,
            0.0,
            0.0
        ]
    },
    {
        "timestamp": "2024-07-12T15:30:43.278902",
        "attribute_name": "cartesian_collision",
        "values": [
            0.0,
            0.0,
            0.0,
            0.0,
            0.0,
            0.0
        ]
    },
    {
        "timestamp": "2024-07-12T15:30:43.278902",
        "attribute_name": "theta",
        "values": [
            -1.639017105102539,
            -0.0697290226817131,
            0.20158426463603973,
            -2.724573850631714,
            0.10498660802841187,
            2.6786420345306396,
            0.86402428150177
        ]
    },
    {
        "timestamp": "2024-07-12T15:30:43.278902",
        "attribute_name": "control_command_success_rate",
        "values": 0.0
    },
    {
        "timestamp": "2024-07-12T15:30:43.278902",
        "attribute_name": "ddelbow_c",
        "values": [
            0.0,
            0.0
        ]
    },
    {
        "timestamp": "2024-07-12T15:30:43.278902",
        "attribute_name": "O_T_EE_d",
        "values": [
            -0.03934181759701761,
            -0.9990911602084289,
            0.015805754735114738,
            0.0,
            -0.9985777141564641,
            0.038746387221573024,
            -0.03635949901381063,
            0.0,
            0.035714725780153084,
            -0.017214054635923525,
            -0.999213758254679,
            0.0,
            0.05260609722290817,
            -0.4012605621325585,
            0.14341086306324782,
            1.0
        ]
    },
    {
        "timestamp": "2024-07-12T15:30:43.325700",
        "attribute_name": "elbow",
        "values": [
            0.20123545562215972,
            -1.0
        ]
    },
    {
        "timestamp": "2024-07-12T15:30:43.325700",
        "attribute_name": "O_T_EE",
        "values": [
            -0.03985352557578432,
            -0.9990689321729768,
            0.015928344770778376,
            0.0,
            -0.9985556612902249,
            0.0392523618553503,
            -0.036422387280717096,
            0.0,
            0.03576393898168766,
            -0.017357233569399097,
            -0.9992095211272416,
            0.0,
            0.052428619799239094,
            -0.4013373201048249,
            0.14346629151103177,
            1.0
        ]
    },
    {
        "timestamp": "2024-07-12T15:30:43.325700",
        "attribute_name": "tau_J_d",
        "values": [
            0.0,
            0.0,
            0.0,
            0.0,
            0.0,
            0.0,
            0.0
        ]
    },
    {
        "timestamp": "2024-07-12T15:30:43.325700",
        "attribute_name": "q",
        "values": [
            -1.6392297956530524,
            -0.06844034019781355,
            0.20123545562215972,
            -2.7256925603109656,
            0.10496709137740923,
            2.6783771542445383,
            0.8640104616781076
        ]
    },
    {
        "timestamp": "2024-07-12T15:30:43.325700",
        "attribute_name": "q_d",
        "values": [
            -1.6390044621961157,
            -0.06837574825788799,
            0.20147740815875356,
            -2.725782479976033,
            0.10489012334654187,
            2.6784038455932504,
            0.8640319389197381
        ]
    },
    {
        "timestamp": "2024-07-12T15:30:43.325700",
        "attribute_name": "dq",
        "values": [
            0.0029349374593242643,
            -0.006135370405932093,
            -0.000183249501543276,
            0.007359332623444937,
            0.00015480802194070954,
            0.00018251498532465278,
            -0.00108539880361365
        ]
    },
    {
        "timestamp": "2024-07-12T15:30:43.325700",
        "attribute_name": "tau_J",
        "values": [
            0.6365724205970764,
            -19.819143295288086,
            0.2747699022293091,
            15.71326732635498,
            0.2173074632883072,
            2.383922576904297,
            0.12437841296195984
        ]
    },
    {
        "timestamp": "2024-07-12T15:30:43.325700",
        "attribute_name": "dtau_J",
        "values": [
            -224.63543701171875,
            32.72443771362305,
            -22.009510040283203,
            -138.6286163330078,
            -20.315786361694336,
            11.0897216796875,
            64.76676940917969
        ]
    },
    {
        "timestamp": "2024-07-12T15:30:43.325700",
        "attribute_name": "ddq_d",
        "values": [
            0.0,
            0.0,
            0.0,
            0.0,
            0.0,
            0.0,
            0.0
        ]
    },
    {
        "timestamp": "2024-07-12T15:30:43.325700",
        "attribute_name": "delbow_c",
        "values": [
            0.0,
            0.0
        ]
    },
    {
        "timestamp": "2024-07-12T15:30:43.325700",
        "attribute_name": "elbow_c",
        "values": [
            0.20147740815875356,
            -1.0
        ]
    },
    {
        "timestamp": "2024-07-12T15:30:43.325700",
        "attribute_name": "elbow_d",
        "values": [
            0.20147740815875356,
            -1.0
        ]
    },
    {
        "timestamp": "2024-07-12T15:30:43.325700",
        "attribute_name": "F_T_EE",
        "values": [
            0.707099974155426,
            -0.707099974155426,
            0.0,
            0.0,
            0.707099974155426,
            0.707099974155426,
            0.0,
            0.0,
            0.0,
            0.0,
            1.0,
            0.0,
            0.0,
            0.0,
            0.10339999943971634,
            1.0
        ]
    },
    {
        "timestamp": "2024-07-12T15:30:43.325700",
        "attribute_name": "O_ddP_EE_c",
        "values": [
            0.0,
            0.0,
            0.0,
            0.0,
            0.0,
            0.0
        ]
    },
    {
        "timestamp": "2024-07-12T15:30:43.325700",
        "attribute_name": "O_dP_EE_d",
        "values": [
            0.0,
            0.0,
            0.0,
            0.0,
            0.0,
            0.0
        ]
    },
    {
        "timestamp": "2024-07-12T15:30:43.325700",
        "attribute_name": "O_T_EE",
        "values": [
            -0.03985352557578432,
            -0.9990689321729768,
            0.015928344770778376,
            0.0,
            -0.9985556612902249,
            0.0392523618553503,
            -0.036422387280717096,
            0.0,
            0.03576393898168766,
            -0.017357233569399097,
            -0.9992095211272416,
            0.0,
            0.052428619799239094,
            -0.4013373201048249,
            0.14346629151103177,
            1.0
        ]
    },
    {
        "timestamp": "2024-07-12T15:30:43.325700",
        "attribute_name": "O_F_ext_hat_K",
        "values": [
            1.7187145990372763,
            -1.3722929620573148,
            -2.1935512625884415,
            0.9868011906402598,
            0.727674291359835,
            0.5162393510340482
        ]
    },
    {
        "timestamp": "2024-07-12T15:30:43.325700",
        "attribute_name": "m_ee",
        "values": 0.7300000190734863
    },
    {
        "timestamp": "2024-07-12T15:30:43.325700",
        "attribute_name": "tau_ext_hat_filtered",
        "values": [
            0.5540416344948337,
            0.5185067462205223,
            0.4892359452369565,
            0.10335729089492016,
            -0.0653502015113537,
            0.1731525446704456,
            0.09619141958637006
        ]
    },
    {
        "timestamp": "2024-07-12T15:30:43.325700",
        "attribute_name": "joint_contact",
        "values": [
            0.0,
            0.0,
            0.0,
            0.0,
            0.0,
            0.0,
            0.0
        ]
    },
    {
        "timestamp": "2024-07-12T15:30:43.325700",
        "attribute_name": "dq_d",
        "values": [
            0.0,
            0.0,
            0.0,
            0.0,
            0.0,
            0.0,
            0.0
        ]
    },
    {
        "timestamp": "2024-07-12T15:30:43.325700",
        "attribute_name": "EE_T_K",
        "values": [
            1.0,
            0.0,
            0.0,
            0.0,
            0.0,
            1.0,
            0.0,
            0.0,
            0.0,
            0.0,
            1.0,
            0.0,
            0.0,
            0.0,
            0.0,
            1.0
        ]
    },
    {
        "timestamp": "2024-07-12T15:30:43.325700",
        "attribute_name": "K_F_ext_hat_K",
        "values": [
            1.2676031925074958,
            -1.690236101605599,
            2.277104520174029,
            -0.3637754822161522,
            0.10835485635326358,
            0.0919287287080039
        ]
    },
    {
        "timestamp": "2024-07-12T15:30:43.325700",
        "attribute_name": "O_dP_EE_c",
        "values": [
            0.0,
            0.0,
            0.0,
            0.0,
            0.0,
            0.0
        ]
    },
    {
        "timestamp": "2024-07-12T15:30:43.325700",
        "attribute_name": "O_F_ext_hat_K",
        "values": [
            1.7187145990372763,
            -1.3722929620573148,
            -2.1935512625884415,
            0.9868011906402598,
            0.727674291359835,
            0.5162393510340482
        ]
    },
    {
        "timestamp": "2024-07-12T15:30:43.325700",
        "attribute_name": "cartesian_contact",
        "values": [
            0.0,
            0.0,
            0.0,
            0.0,
            0.0,
            0.0
        ]
    },
    {
        "timestamp": "2024-07-12T15:30:43.325700",
        "attribute_name": "joint_collision",
        "values": [
            0.0,
            0.0,
            0.0,
            0.0,
            0.0,
            0.0,
            0.0
        ]
    },
    {
        "timestamp": "2024-07-12T15:30:43.325700",
        "attribute_name": "cartesian_collision",
        "values": [
            0.0,
            0.0,
            0.0,
            0.0,
            0.0,
            0.0
        ]
    },
    {
        "timestamp": "2024-07-12T15:30:43.325700",
        "attribute_name": "theta",
        "values": [
            -1.6391863822937012,
            -0.06983128935098648,
            0.20125189423561096,
            -2.7245895862579346,
            0.10499139875173569,
            2.6786420345306396,
            0.86402428150177
        ]
    },
    {
        "timestamp": "2024-07-12T15:30:43.325700",
        "attribute_name": "control_command_success_rate",
        "values": 0.0
    },
    {
        "timestamp": "2024-07-12T15:30:43.325700",
        "attribute_name": "ddelbow_c",
        "values": [
            0.0,
            0.0
        ]
    },
    {
        "timestamp": "2024-07-12T15:30:43.325700",
        "attribute_name": "O_T_EE_d",
        "values": [
            -0.03934181759701761,
            -0.9990911602084289,
            0.015805754735114738,
            0.0,
            -0.9985777141564641,
            0.038746387221573024,
            -0.03635949901381063,
            0.0,
            0.035714725780153084,
            -0.017214054635923525,
            -0.999213758254679,
            0.0,
            0.05260609722290817,
            -0.4012605621325585,
            0.14341086306324782,
            1.0
        ]
    },
    {
        "timestamp": "2024-07-12T15:30:43.386101",
        "attribute_name": "elbow",
        "values": [
            0.20125530859122015,
            -1.0
        ]
    },
    {
        "timestamp": "2024-07-12T15:30:43.386101",
        "attribute_name": "O_T_EE",
        "values": [
            -0.039823621952779505,
            -0.9990746131517632,
            0.015644276634766884,
            0.0,
            -0.998556979447698,
            0.03923289666577676,
            -0.03640721792049656,
            0.0,
            0.03576044537061697,
            -0.01707189759180624,
            -0.9992145619733083,
            0.0,
            0.052438830598491,
            -0.40125025660235353,
            0.14336662081197832,
            1.0
        ]
    },
    {
        "timestamp": "2024-07-12T15:30:43.386101",
        "attribute_name": "tau_J_d",
        "values": [
            0.0,
