[
    {
        "timestamp": "2024-07-12T16:05:55.961690",
        "attribute_name": "elbow",
        "values": [
            0.5155481531032788,
            -1.0
        ]
    },
    {
        "timestamp": "2024-07-12T16:05:55.961690",
        "attribute_name": "O_T_EE",
        "values": [
            -0.1117571132093672,
            -0.9926826754655653,
            0.04552142768899436,
            0.0,
            -0.9930813414050362,
            0.10991779555698238,
            -0.041088617332245635,
            0.0,
            0.035785032575141,
            -0.049799384523344994,
            -0.998117955326269,
            0.0,
            0.0792996501338345,
            -0.4167962399401565,
            0.17803846422120656,
            1.0
        ]
    },
    {
        "timestamp": "2024-07-12T16:05:55.961690",
        "attribute_name": "tau_J_d",
        "values": [
            0.0,
            0.0,
            0.0,
            0.0,
            0.0,
            0.0,
            0.0
        ]
    },
    {
        "timestamp": "2024-07-12T16:05:55.961690",
        "attribute_name": "q",
        "values": [
            -1.8831034529543758,
            -0.14034745707864024,
            0.5155481531032788,
            -2.6734760357371563,
            0.18336242992713345,
            2.5999065162170645,
            0.9425826561985087
        ]
    },
    {
        "timestamp": "2024-07-12T16:05:55.961690",
        "attribute_name": "q_d",
        "values": [
            -1.8831034529543758,
            -0.1403468283840508,
            0.5155502159337579,
            -2.673478770977805,
            0.18336356126525427,
            2.5999098137749566,
            0.9425916112565124
        ]
    },
    {
        "timestamp": "2024-07-12T16:05:55.961690",
        "attribute_name": "dq",
        "values": [
            -0.00020150790543741628,
            -0.0004994143991581422,
            -0.0004106180145152791,
            -0.0007330418795633376,
            -0.0004692501863812135,
            -0.0008730315636887489,
            -0.0006531082347611004
        ]
    },
    {
        "timestamp": "2024-07-12T16:05:55.961690",
        "attribute_name": "tau_J",
        "values": [
            -0.07357162237167358,
            -17.260244369506836,
            -2.0421247482299805,
            17.847665786743164,
            0.483725905418396,
            2.530406951904297,
            0.06303808093070984
        ]
    },
    {
        "timestamp": "2024-07-12T16:05:55.961690",
        "attribute_name": "dtau_J",
        "values": [
            -60.055946350097656,
            16.98784637451172,
            140.49472045898438,
            16.43153953552246,
            22.01529884338379,
            56.81207275390625,
            26.850143432617188
        ]
    },
    {
        "timestamp": "2024-07-12T16:05:55.961690",
        "attribute_name": "ddq_d",
        "values": [
            0.0,
            0.0,
            0.0,
            0.0,
            0.0,
            0.0,
            0.0
        ]
    },
    {
        "timestamp": "2024-07-12T16:05:55.961690",
        "attribute_name": "delbow_c",
        "values": [
            0.0,
            0.0
        ]
    },
    {
        "timestamp": "2024-07-12T16:05:55.961690",
        "attribute_name": "elbow_c",
        "values": [
            0.5155502159337579,
            -1.0
        ]
    },
    {
        "timestamp": "2024-07-12T16:05:55.961690",
        "attribute_name": "elbow_d",
        "values": [
            0.5155502159337579,
            -1.0
        ]
    },
    {
        "timestamp": "2024-07-12T16:05:55.961690",
        "attribute_name": "F_T_EE",
        "values": [
            0.707099974155426,
            -0.707099974155426,
            0.0,
            0.0,
            0.707099974155426,
            0.707099974155426,
            0.0,
            0.0,
            0.0,
            0.0,
            1.0,
            0.0,
            0.0,
            0.0,
            0.10339999943971634,
            1.0
        ]
    },
    {
        "timestamp": "2024-07-12T16:05:55.961690",
        "attribute_name": "O_ddP_EE_c",
        "values": [
            0.0,
            0.0,
            0.0,
            0.0,
            0.0,
            0.0
        ]
    },
    {
        "timestamp": "2024-07-12T16:05:55.961690",
        "attribute_name": "O_dP_EE_d",
        "values": [
            0.0,
            0.0,
            0.0,
            0.0,
            0.0,
            0.0
        ]
    },
    {
        "timestamp": "2024-07-12T16:05:55.961690",
        "attribute_name": "O_T_EE",
        "values": [
            -0.1117571132093672,
            -0.9926826754655653,
            0.04552142768899436,
            0.0,
            -0.9930813414050362,
            0.10991779555698238,
            -0.041088617332245635,
            0.0,
            0.035785032575141,
            -0.049799384523344994,
            -0.998117955326269,
            0.0,
            0.0792996501338345,
            -0.4167962399401565,
            0.17803846422120656,
            1.0
        ]
    },
    {
        "timestamp": "2024-07-12T16:05:55.961690",
        "attribute_name": "O_F_ext_hat_K",
        "values": [
            -0.44702078535347667,
            -0.29471636110915683,
            -0.7225493931053739,
            0.17230173528876952,
            -0.30190556022525394,
            -0.21007496206875756
        ]
    },
    {
        "timestamp": "2024-07-12T16:05:55.961690",
        "attribute_name": "m_ee",
        "values": 0.7300000190734863
    },
    {
        "timestamp": "2024-07-12T16:05:55.961690",
        "attribute_name": "tau_ext_hat_filtered",
        "values": [
            -0.08024940118324102,
            0.12752330002170098,
            -0.3606224471105198,
            0.03948068098023608,
            0.0899997981018417,
            0.1843398637278624,
            0.03671981085286193
        ]
    },
    {
        "timestamp": "2024-07-12T16:05:55.961690",
        "attribute_name": "joint_contact",
        "values": [
            0.0,
            0.0,
            0.0,
            0.0,
            0.0,
            0.0,
            0.0
        ]
    },
    {
        "timestamp": "2024-07-12T16:05:55.961690",
        "attribute_name": "dq_d",
        "values": [
            0.0,
            0.0,
            0.0,
            0.0,
            0.0,
            0.0,
            0.0
        ]
    },
    {
        "timestamp": "2024-07-12T16:05:55.961690",
        "attribute_name": "EE_T_K",
        "values": [
            1.0,
            0.0,
            0.0,
            0.0,
            0.0,
            1.0,
            0.0,
            0.0,
            0.0,
            0.0,
            1.0,
            0.0,
            0.0,
            0.0,
            0.0,
            1.0
        ]
    },
    {
        "timestamp": "2024-07-12T16:05:55.961690",
        "attribute_name": "K_F_ext_hat_K",
        "values": [
            0.3096320597916653,
            0.4412304789980243,
            0.7198695628951292,
            0.2978211593598065,
            0.14934869182982427,
            0.00782275915264567
        ]
    },
    {
        "timestamp": "2024-07-12T16:05:55.961690",
        "attribute_name": "O_dP_EE_c",
        "values": [
            0.0,
            0.0,
            0.0,
            0.0,
            0.0,
            0.0
        ]
    },
    {
        "timestamp": "2024-07-12T16:05:55.961690",
        "attribute_name": "O_F_ext_hat_K",
        "values": [
            -0.44702078535347667,
            -0.29471636110915683,
            -0.7225493931053739,
            0.17230173528876952,
            -0.30190556022525394,
            -0.21007496206875756
        ]
    },
    {
        "timestamp": "2024-07-12T16:05:55.961690",
        "attribute_name": "cartesian_contact",
        "values": [
            0.0,
            0.0,
            0.0,
            0.0,
            0.0,
            0.0
        ]
    },
    {
        "timestamp": "2024-07-12T16:05:55.961690",
        "attribute_name": "joint_collision",
        "values": [
            0.0,
            0.0,
            0.0,
            0.0,
            0.0,
            0.0,
            0.0
        ]
    },
    {
        "timestamp": "2024-07-12T16:05:55.961690",
        "attribute_name": "cartesian_collision",
        "values": [
            0.0,
            0.0,
            0.0,
            0.0,
            0.0,
            0.0
        ]
    },
    {
        "timestamp": "2024-07-12T16:05:55.961690",
        "attribute_name": "theta",
        "values": [
            -1.8831086158752441,
            -0.14155766367912292,
            0.5154048204421997,
            -2.6722235679626465,
            0.18341617286205292,
            2.600188732147217,
            0.9425880312919617
        ]
    },
    {
        "timestamp": "2024-07-12T16:05:55.961690",
        "attribute_name": "control_command_success_rate",
        "values": 0.0
    },
    {
        "timestamp": "2024-07-12T16:05:55.961690",
        "attribute_name": "ddelbow_c",
        "values": [
            0.0,
            0.0
        ]
    },
    {
        "timestamp": "2024-07-12T16:05:55.961690",
        "attribute_name": "O_T_EE_d",
        "values": [
            -0.11176521364912771,
            -0.9926817871392655,
            0.045520911690867014,
            0.0,
            -0.9930804224481972,
            0.10992589002329295,
            -0.041089173195693385,
            0.0,
            0.0357852361243718,
            -0.0497992252224789,
            -0.9981179559765287,
            0.0,
            0.0793002178300875,
            -0.41679537840262765,
            0.17803745858533823,
            1.0
        ]
    },
    {
        "timestamp": "2024-07-12T16:05:55.985672",
        "attribute_name": "elbow",
        "values": [
            0.5155506327689544,
            -1.0
        ]
    },
    {
        "timestamp": "2024-07-12T16:05:55.985672",
        "attribute_name": "O_T_EE",
        "values": [
            -0.11176241224578227,
            -0.9926821092508906,
            0.045520765408935265,
            0.0,
            -0.9930807471403962,
            0.10992311369929107,
            -0.04108875314406488,
            0.0,
            0.03578497483747015,
            -0.04979893267403081,
            -0.9981179799404521,
            0.0,
            0.07930038025303396,
            -0.4167953432275748,
            0.17803767026208353,
            1.0
        ]
    },
    {
        "timestamp": "2024-07-12T16:05:55.985672",
        "attribute_name": "tau_J_d",
        "values": [
            0.0,
            0.0,
            0.0,
            0.0,
            0.0,
            0.0,
            0.0
        ]
    },
    {
        "timestamp": "2024-07-12T16:05:55.985672",
        "attribute_name": "q",
        "values": [
            -1.8831034529543758,
            -0.14034740725961037,
            0.5155506327689544,
            -2.6734784589746385,
            0.18336344279185757,
            2.59990869479111,
            0.9425893732824927
        ]
    },
    {
        "timestamp": "2024-07-12T16:05:55.985672",
        "attribute_name": "q_d",
        "values": [
            -1.8831034529543758,
            -0.1403468283840508,
            0.5155502159337579,
            -2.673478770977805,
            0.18336356126525427,
            2.5999098137749566,
            0.9425916112565124
        ]
    },
    {
        "timestamp": "2024-07-12T16:05:55.985672",
        "attribute_name": "dq",
        "values": [
            -0.0003091707503971164,
            0.0004215312711577059,
            0.0005421047970246403,
            -0.005009173550663046,
            0.00022536287817320988,
            -0.0004517266842585126,
            0.0005862709017376898
        ]
    },
    {
        "timestamp": "2024-07-12T16:05:55.985672",
        "attribute_name": "tau_J",
        "values": [
            -0.07357162237167358,
            -17.260244369506836,
            -2.0778303146362305,
            17.883371353149414,
            0.474570631980896,
            2.520336151123047,
            0.03191014751791954
        ]
    },
    {
        "timestamp": "2024-07-12T16:05:55.985672",
        "attribute_name": "dtau_J",
        "values": [
            -25.307628631591797,
            -43.20058822631836,
            -96.31350708007812,
            57.24814224243164,
            -16.237323760986328,
            13.598491668701172,
            -45.14547348022461
        ]
    },
    {
        "timestamp": "2024-07-12T16:05:55.985672",
        "attribute_name": "ddq_d",
        "values": [
            0.0,
            0.0,
            0.0,
            0.0,
            0.0,
            0.0,
            0.0
        ]
    },
    {
        "timestamp": "2024-07-12T16:05:55.985672",
        "attribute_name": "delbow_c",
        "values": [
            0.0,
            0.0
        ]
    },
    {
        "timestamp": "2024-07-12T16:05:55.985672",
        "attribute_name": "elbow_c",
        "values": [
            0.5155502159337579,
            -1.0
        ]
    },
    {
        "timestamp": "2024-07-12T16:05:55.985672",
        "attribute_name": "elbow_d",
        "values": [
            0.5155502159337579,
            -1.0
        ]
    },
    {
        "timestamp": "2024-07-12T16:05:55.985672",
        "attribute_name": "F_T_EE",
        "values": [
            0.707099974155426,
            -0.707099974155426,
            0.0,
            0.0,
            0.707099974155426,
            0.707099974155426,
            0.0,
            0.0,
            0.0,
            0.0,
            1.0,
            0.0,
            0.0,
            0.0,
            0.10339999943971634,
            1.0
        ]
    },
    {
        "timestamp": "2024-07-12T16:05:55.985672",
        "attribute_name": "O_ddP_EE_c",
        "values": [
            0.0,
            0.0,
            0.0,
            0.0,
            0.0,
            0.0
        ]
    },
    {
        "timestamp": "2024-07-12T16:05:55.985672",
        "attribute_name": "O_dP_EE_d",
        "values": [
            0.0,
            0.0,
            0.0,
            0.0,
            0.0,
            0.0
        ]
    },
    {
        "timestamp": "2024-07-12T16:05:55.985672",
        "attribute_name": "O_T_EE",
        "values": [
            -0.11176241224578227,
            -0.9926821092508906,
            0.045520765408935265,
            0.0,
            -0.9930807471403962,
            0.10992311369929107,
            -0.04108875314406488,
            0.0,
            0.03578497483747015,
            -0.04979893267403081,
            -0.9981179799404521,
            0.0,
            0.07930038025303396,
            -0.4167953432275748,
            0.17803767026208353,
            1.0
        ]
    },
    {
        "timestamp": "2024-07-12T16:05:55.985672",
        "attribute_name": "O_F_ext_hat_K",
        "values": [
            -0.4701717758629735,
            -0.1941363305595046,
            -0.8623071869037645,
            0.19017031029596485,
            -0.2924601192010641,
            -0.21424062404076638
        ]
    },
    {
        "timestamp": "2024-07-12T16:05:55.985672",
        "attribute_name": "m_ee",
        "values": 0.7300000190734863
    },
    {
        "timestamp": "2024-07-12T16:05:55.985672",
        "attribute_name": "tau_ext_hat_filtered",
        "values": [
            -0.08474924807131778,
            0.17111985789836662,
            -0.3599155892485318,
            -0.041762681890229414,
            0.08880959382122768,
            0.17212785684895426,
            0.0382069255335038
        ]
    },
    {
        "timestamp": "2024-07-12T16:05:55.985672",
        "attribute_name": "joint_contact",
        "values": [
            0.0,
            0.0,
            0.0,
            0.0,
            0.0,
            0.0,
            0.0
        ]
    },
    {
        "timestamp": "2024-07-12T16:05:55.985672",
        "attribute_name": "dq_d",
        "values": [
            0.0,
            0.0,
            0.0,
            0.0,
            0.0,
            0.0,
            0.0
        ]
    },
    {
        "timestamp": "2024-07-12T16:05:55.985672",
        "attribute_name": "EE_T_K",
        "values": [
            1.0,
            0.0,
            0.0,
            0.0,
            0.0,
            1.0,
            0.0,
            0.0,
            0.0,
            0.0,
            1.0,
            0.0,
            0.0,
            0.0,
            0.0,
            1.0
        ]
    },
    {
        "timestamp": "2024-07-12T16:05:55.985672",
        "attribute_name": "K_F_ext_hat_K",
        "values": [
            0.20601427719011228,
            0.48101885676168454,
            0.8535270043670905,
            0.2977546046811413,
            0.1720402849298136,
            0.009382707460529525
        ]
    },
    {
        "timestamp": "2024-07-12T16:05:55.985672",
        "attribute_name": "O_dP_EE_c",
        "values": [
            0.0,
            0.0,
            0.0,
            0.0,
            0.0,
            0.0
        ]
    },
    {
        "timestamp": "2024-07-12T16:05:55.985672",
        "attribute_name": "O_F_ext_hat_K",
        "values": [
            -0.4701717758629735,
            -0.1941363305595046,
            -0.8623071869037645,
            0.19017031029596485,
            -0.2924601192010641,
            -0.21424062404076638
        ]
    },
    {
        "timestamp": "2024-07-12T16:05:55.985672",
        "attribute_name": "cartesian_contact",
        "values": [
            0.0,
            0.0,
            0.0,
            0.0,
            0.0,
            0.0
        ]
    },
    {
        "timestamp": "2024-07-12T16:05:55.985672",
        "attribute_name": "joint_collision",
        "values": [
            0.0,
            0.0,
            0.0,
            0.0,
            0.0,
            0.0,
            0.0
        ]
    },
    {
        "timestamp": "2024-07-12T16:05:55.985672",
        "attribute_name": "cartesian_collision",
        "values": [
            0.0,
            0.0,
            0.0,
            0.0,
            0.0,
            0.0
        ]
    },
    {
        "timestamp": "2024-07-12T16:05:55.985672",
        "attribute_name": "theta",
        "values": [
            -1.8831086158752441,
            -0.14155766367912292,
            0.5154048204421997,
            -2.6722235679626465,
            0.18341617286205292,
            2.600188732147217,
            0.9425929188728333
        ]
    },
    {
        "timestamp": "2024-07-12T16:05:55.985672",
        "attribute_name": "control_command_success_rate",
        "values": 0.0
    },
    {
        "timestamp": "2024-07-12T16:05:55.985672",
        "attribute_name": "ddelbow_c",
        "values": [
            0.0,
            0.0
        ]
    },
    {
        "timestamp": "2024-07-12T16:05:55.985672",
        "attribute_name": "O_T_EE_d",
        "values": [
            -0.11176521364912771,
            -0.9926817871392655,
            0.045520911690867014,
            0.0,
            -0.9930804224481972,
            0.10992589002329295,
            -0.041089173195693385,
            0.0,
            0.0357852361243718,
            -0.0497992252224789,
            -0.9981179559765287,
            0.0,
            0.0793002178300875,
            -0.41679537840262765,
            0.17803745858533823,
            1.0
        ]
    },
    {
        "timestamp": "2024-07-12T16:05:56.014878",
        "attribute_name": "elbow",
        "values": [
            0.5155506242655387,
            -1.0
        ]
    },
    {
        "timestamp": "2024-07-12T16:05:56.014878",
        "attribute_name": "O_T_EE",
        "values": [
            -0.1117647331120918,
            -0.9926816481675523,
            0.045525121910249544,
            0.0,
            -0.9930804964689878,
            0.1099252639818914,
            -0.041089059038006207,
            0.0,
            0.03578468276974248,
            -0.04980337725499408,
            -0.9981177686491036,
            0.0,
            0.07929952291679565,
            -0.4167969755958759,
            0.17803938087518018,
            1.0
        ]
    },
    {
        "timestamp": "2024-07-12T16:05:56.014878",
        "attribute_name": "tau_J_d",
        "values": [
            0.0,
            0.0,
            0.0,
            0.0,
            0.0,
            0.0,
            0.0
        ]
    },
    {
        "timestamp": "2024-07-12T16:05:56.014878",
        "attribute_name": "q",
        "values": [
            -1.8831059586081587,
            -0.14034953431416008,
            0.5155506242655387,
            -2.6734760350346054,
            0.18336344279183248,
            2.599908668633179,
            0.9425893732824929
        ]
    },
    {
        "timestamp": "2024-07-12T16:05:56.014878",
        "attribute_name": "q_d",
        "values": [
            -1.8831034529543758,
            -0.1403468283840508,
            0.5155502159337579,
            -2.673478770977805,
            0.18336356126525427,
            2.5999098137749566,
            0.9425916112565124
        ]
    },
    {
        "timestamp": "2024-07-12T16:05:56.014878",
        "attribute_name": "dq",
        "values": [
            -0.0016747639514419178,
            0.0007077353441199409,
            0.003545602686471098,
            -0.0002938095844649751,
            0.000370004310115417,
            -0.00013330829525118567,
            0.00048550173339563757
        ]
    },
    {
        "timestamp": "2024-07-12T16:05:56.014878",
        "attribute_name": "tau_J",
        "values": [
            -0.037866055965423584,
            -17.260244369506836,
            -2.0778303146362305,
            17.847665786743164,
            0.474570631980896,
            2.520336151123047,
            0.03191014751791954
        ]
    },
    {
        "timestamp": "2024-07-12T16:05:56.014878",
        "attribute_name": "dtau_J",
        "values": [
            165.99505615234375,
            -13.940502166748047,
            -16.427566528320312,
            -18.8983154296875,
            -13.884529113769531,
            41.78573226928711,
            -35.94511032104492
        ]
    },
    {
        "timestamp": "2024-07-12T16:05:56.014878",
        "attribute_name": "ddq_d",
        "values": [
            0.0,
            0.0,
            0.0,
            0.0,
            0.0,
            0.0,
            0.0
        ]
    },
    {
        "timestamp": "2024-07-12T16:05:56.014878",
        "attribute_name": "delbow_c",
        "values": [
            0.0,
            0.0
        ]
    },
    {
        "timestamp": "2024-07-12T16:05:56.014878",
        "attribute_name": "elbow_c",
        "values": [
            0.5155502159337579,
            -1.0
        ]
    },
    {
        "timestamp": "2024-07-12T16:05:56.014878",
        "attribute_name": "elbow_d",
        "values": [
            0.5155502159337579,
            -1.0
        ]
    },
    {
        "timestamp": "2024-07-12T16:05:56.014878",
        "attribute_name": "F_T_EE",
        "values": [
            0.707099974155426,
            -0.707099974155426,
            0.0,
            0.0,
            0.707099974155426,
            0.707099974155426,
            0.0,
            0.0,
            0.0,
            0.0,
            1.0,
            0.0,
            0.0,
            0.0,
            0.10339999943971634,
            1.0
        ]
    },
    {
        "timestamp": "2024-07-12T16:05:56.014878",
        "attribute_name": "O_ddP_EE_c",
        "values": [
            0.0,
            0.0,
            0.0,
            0.0,
            0.0,
            0.0
        ]
    },
    {
        "timestamp": "2024-07-12T16:05:56.014878",
        "attribute_name": "O_dP_EE_d",
        "values": [
            0.0,
            0.0,
            0.0,
            0.0,
            0.0,
            0.0
        ]
    },
    {
        "timestamp": "2024-07-12T16:05:56.014878",
        "attribute_name": "O_T_EE",
        "values": [
            -0.1117647331120918,
            -0.9926816481675523,
            0.045525121910249544,
            0.0,
            -0.9930804964689878,
            0.1099252639818914,
            -0.041089059038006207,
            0.0,
            0.03578468276974248,
            -0.04980337725499408,
            -0.9981177686491036,
            0.0,
            0.07929952291679565,
            -0.4167969755958759,
            0.17803938087518018,
            1.0
        ]
    },
    {
        "timestamp": "2024-07-12T16:05:56.014878",
        "attribute_name": "O_F_ext_hat_K",
        "values": [
            -0.5096801884005343,
            -0.2699100085303593,
            -0.8189369803436163,
            0.197388760393208,
            -0.30401750058884514,
            -0.2381857820400613
        ]
    },
    {
        "timestamp": "2024-07-12T16:05:56.014878",
        "attribute_name": "m_ee",
        "values": 0.7300000190734863
    },
    {
        "timestamp": "2024-07-12T16:05:56.014878",
        "attribute_name": "tau_ext_hat_filtered",
        "values": [
            -0.10853904002245893,
            0.1534948372060435,
            -0.38435971174554956,
            -0.006313302702250958,
            0.08984373332539666,
            0.1800499708076235,
            0.04018670692594474
        ]
    },
    {
        "timestamp": "2024-07-12T16:05:56.014878",
        "attribute_name": "joint_contact",
        "values": [
            0.0,
            0.0,
            0.0,
            0.0,
            0.0,
            0.0,
            0.0
        ]
    },
    {
        "timestamp": "2024-07-12T16:05:56.014878",
        "attribute_name": "dq_d",
        "values": [
            0.0,
            0.0,
            0.0,
            0.0,
            0.0,
            0.0,
            0.0
        ]
    },
    {
        "timestamp": "2024-07-12T16:05:56.014878",
        "attribute_name": "EE_T_K",
        "values": [
            1.0,
            0.0,
            0.0,
            0.0,
            0.0,
            1.0,
            0.0,
            0.0,
            0.0,
            0.0,
            1.0,
            0.0,
            0.0,
            0.0,
            0.0,
            1.0
        ]
    },
    {
        "timestamp": "2024-07-12T16:05:56.014878",
        "attribute_name": "K_F_ext_hat_K",
        "values": [
            0.28762231410781486,
            0.5101426973596509,
            0.8125992376086056,
            0.2974436829471292,
            0.16026017314435897,
            0.01132625337084504
        ]
    },
    {
        "timestamp": "2024-07-12T16:05:56.014878",
        "attribute_name": "O_dP_EE_c",
        "values": [
            0.0,
            0.0,
            0.0,
            0.0,
            0.0,
            0.0
        ]
    },
    {
        "timestamp": "2024-07-12T16:05:56.014878",
        "attribute_name": "O_F_ext_hat_K",
        "values": [
            -0.5096801884005343,
            -0.2699100085303593,
            -0.8189369803436163,
            0.197388760393208,
            -0.30401750058884514,
            -0.2381857820400613
        ]
    },
    {
        "timestamp": "2024-07-12T16:05:56.014878",
        "attribute_name": "cartesian_contact",
        "values": [
            0.0,
            0.0,
            0.0,
            0.0,
            0.0,
            0.0
        ]
    },
    {
        "timestamp": "2024-07-12T16:05:56.014878",
        "attribute_name": "joint_collision",
        "values": [
            0.0,
            0.0,
            0.0,
            0.0,
            0.0,
            0.0,
            0.0
        ]
    },
    {
        "timestamp": "2024-07-12T16:05:56.014878",
        "attribute_name": "cartesian_collision",
        "values": [
            0.0,
            0.0,
            0.0,
            0.0,
            0.0,
            0.0
        ]
    },
    {
        "timestamp": "2024-07-12T16:05:56.014878",
        "attribute_name": "theta",
        "values": [
            -1.8831086158752441,
            -0.1415608674287796,
            0.5154048204421997,
            -2.6722235679626465,
            0.18341617286205292,
            2.600188732147217,
            0.9425929188728333
        ]
    },
    {
        "timestamp": "2024-07-12T16:05:56.014878",
        "attribute_name": "control_command_success_rate",
        "values": 0.0
    },
    {
        "timestamp": "2024-07-12T16:05:56.014878",
        "attribute_name": "ddelbow_c",
        "values": [
            0.0,
            0.0
        ]
    },
    {
        "timestamp": "2024-07-12T16:05:56.014878",
        "attribute_name": "O_T_EE_d",
        "values": [
            -0.11176521364912771,
            -0.9926817871392655,
            0.045520911690867014,
            0.0,
            -0.9930804224481972,
            0.10992589002329295,
            -0.041089173195693385,
            0.0,
            0.0357852361243718,
            -0.0497992252224789,
            -0.9981179559765287,
            0.0,
            0.0793002178300875,
            -0.41679537840262765,
            0.17803745858533823,
            1.0
        ]
    },
    {
        "timestamp": "2024-07-12T16:05:56.056432",
        "attribute_name": "elbow",
        "values": [
            0.5155531787369882,
            -1.0
        ]
    },
    {
        "timestamp": "2024-07-12T16:05:56.056432",
        "attribute_name": "O_T_EE",
        "values": [
            -0.11175638632740868,
            -0.992682475086109,
            0.045527581455241654,
            0.0,
            -0.9930814377599757,
            0.10991683575396283,
            -0.04108885610021274,
            0.0,
            0.03578462864391571,
            -0.04980549703554728,
            -0.9981176648160571,
            0.0,
            0.0793034172456858,
            -0.4167958835263604,
            0.17803966048759814,
            1.0
        ]
    },
    {
        "timestamp": "2024-07-12T16:05:56.056432",
        "attribute_name": "tau_J_d",
        "values": [
            0.0,
            0.0,
            0.0,
            0.0,
            0.0,
            0.0,
            0.0
        ]
    },
    {
        "timestamp": "2024-07-12T16:05:56.056432",
        "attribute_name": "q",
        "values": [
            -1.8830981632408341,
            -0.14035240626912943,
            0.5155531787369882,
            -2.6734785413909337,
            0.1833654772970411,
            2.599911034477934,
            0.9425893733008865
        ]
    },
    {
        "timestamp": "2024-07-12T16:05:56.056432",
        "attribute_name": "q_d",
        "values": [
            -1.8831034529543758,
            -0.1403468283840508,
            0.5155502159337579,
            -2.673478770977805,
            0.18336356126525427,
            2.5999098137749566,
            0.9425916112565124
        ]
    },
    {
        "timestamp": "2024-07-12T16:05:56.056432",
        "attribute_name": "dq",
        "values": [
            0.0005514781621227624,
            -0.001213005884666958,
            0.0008647675997348423,
            -0.0009672336677678699,
            0.001022316943014557,
            0.0007733255683119055,
            0.0005949788046426018
        ]
    },
    {
        "timestamp": "2024-07-12T16:05:56.056432",
        "attribute_name": "tau_J",
        "values": [
            -0.14895004034042358,
            -17.220571517944336,
            -2.1175031661987305,
            17.883371353149414,
            0.456260085105896,
            2.499279022216797,
            0.03191014751791954
        ]
    },
    {
        "timestamp": "2024-07-12T16:05:56.056432",
        "attribute_name": "dtau_J",
        "values": [
            -48.30522155761719,
            52.74736022949219,
            -71.48278045654297,
            85.17225646972656,
            -54.93273162841797,
            -27.637935638427734,
            -25.666542053222656
        ]
    },
    {
        "timestamp": "2024-07-12T16:05:56.056432",
        "attribute_name": "ddq_d",
        "values": [
            0.0,
            0.0,
            0.0,
            0.0,
            0.0,
            0.0,
            0.0
        ]
    },
    {
        "timestamp": "2024-07-12T16:05:56.056432",
        "attribute_name": "delbow_c",
        "values": [
            0.0,
            0.0
        ]
    },
    {
        "timestamp": "2024-07-12T16:05:56.056432",
        "attribute_name": "elbow_c",
        "values": [
            0.5155502159337579,
            -1.0
        ]
    },
    {
        "timestamp": "2024-07-12T16:05:56.056432",
        "attribute_name": "elbow_d",
        "values": [
            0.5155502159337579,
            -1.0
        ]
    },
    {
        "timestamp": "2024-07-12T16:05:56.056432",
        "attribute_name": "F_T_EE",
        "values": [
            0.707099974155426,
            -0.707099974155426,
            0.0,
            0.0,
            0.707099974155426,
            0.707099974155426,
            0.0,
            0.0,
            0.0,
            0.0,
            1.0,
            0.0,
            0.0,
            0.0,
            0.10339999943971634,
            1.0
        ]
    },
    {
        "timestamp": "2024-07-12T16:05:56.056432",
        "attribute_name": "O_ddP_EE_c",
        "values": [
            0.0,
            0.0,
            0.0,
            0.0,
            0.0,
            0.0
        ]
    },
    {
        "timestamp": "2024-07-12T16:05:56.056432",
        "attribute_name": "O_dP_EE_d",
        "values": [
            0.0,
            0.0,
            0.0,
            0.0,
            0.0,
            0.0
        ]
    },
    {
        "timestamp": "2024-07-12T16:05:56.056432",
        "attribute_name": "O_T_EE",
        "values": [
            -0.11175638632740868,
            -0.992682475086109,
            0.045527581455241654,
            0.0,
            -0.9930814377599757,
            0.10991683575396283,
            -0.04108885610021274,
            0.0,
            0.03578462864391571,
            -0.04980549703554728,
            -0.9981176648160571,
            0.0,
            0.0793034172456858,
            -0.4167958835263604,
            0.17803966048759814,
            1.0
        ]
    },
    {
        "timestamp": "2024-07-12T16:05:56.056432",
        "attribute_name": "O_F_ext_hat_K",
        "values": [
            -0.527486376148127,
            -0.25406187106576433,
            -0.8185469418858753,
            0.19152496799130858,
            -0.3142944175273929,
            -0.24225351944074727
        ]
    },
    {
        "timestamp": "2024-07-12T16:05:56.056432",
        "attribute_name": "m_ee",
        "values": 0.7300000190734863
    },
    {
        "timestamp": "2024-07-12T16:05:56.056432",
        "attribute_name": "tau_ext_hat_filtered",
        "values": [
            -0.11216792617812239,
            0.15430678160337977,
            -0.38944927129087104,
            -0.011312128291622795,
            0.09119377577658144,
            0.17986744230725207,
            0.0384409119623544
        ]
    },
    {
        "timestamp": "2024-07-12T16:05:56.056432",
        "attribute_name": "joint_contact",
        "values": [
            0.0,
            0.0,
            0.0,
            0.0,
            0.0,
            0.0,
            0.0
        ]
    },
    {
        "timestamp": "2024-07-12T16:05:56.056432",
        "attribute_name": "dq_d",
        "values": [
            0.0,
            0.0,
            0.0,
            0.0,
            0.0,
            0.0,
            0.0
        ]
    },
    {
        "timestamp": "2024-07-12T16:05:56.056432",
        "attribute_name": "EE_T_K",
        "values": [
            1.0,
            0.0,
            0.0,
            0.0,
            0.0,
            1.0,
            0.0,
            0.0,
            0.0,
            0.0,
            1.0,
            0.0,
            0.0,
            0.0,
            0.0,
            1.0
        ]
    },
    {
        "timestamp": "2024-07-12T16:05:56.056432",
        "attribute_name": "K_F_ext_hat_K",
        "values": [
            0.2738915489192272,
            0.5295546049442439,
            0.8107839358584807,
            0.30488669194734286,
            0.16225737808359778,
            0.00948285707014309
        ]
    },
    {
        "timestamp": "2024-07-12T16:05:56.056432",
        "attribute_name": "O_dP_EE_c",
        "values": [
            0.0,
            0.0,
            0.0,
            0.0,
            0.0,
            0.0
        ]
    },
    {
        "timestamp": "2024-07-12T16:05:56.056432",
        "attribute_name": "O_F_ext_hat_K",
        "values": [
            -0.527486376148127,
            -0.25406187106576433,
            -0.8185469418858753,
            0.19152496799130858,
            -0.3142944175273929,
            -0.24225351944074727
        ]
    },
    {
        "timestamp": "2024-07-12T16:05:56.056432",
        "attribute_name": "cartesian_contact",
        "values": [
            0.0,
            0.0,
            0.0,
            0.0,
            0.0,
            0.0
        ]
    },
    {
        "timestamp": "2024-07-12T16:05:56.056432",
        "attribute_name": "joint_collision",
        "values": [
            0.0,
            0.0,
            0.0,
            0.0,
            0.0,
            0.0,
            0.0
        ]
    },
    {
        "timestamp": "2024-07-12T16:05:56.056432",
        "attribute_name": "cartesian_collision",
        "values": [
            0.0,
            0.0,
            0.0,
            0.0,
            0.0,
            0.0
        ]
    },
    {
        "timestamp": "2024-07-12T16:05:56.056432",
        "attribute_name": "theta",
        "values": [
            -1.8831086158752441,
            -0.1415608674287796,
            0.5154048204421997,
            -2.6722235679626465,
            0.18341617286205292,
            2.600188732147217,
            0.9425929188728333
        ]
    },
    {
        "timestamp": "2024-07-12T16:05:56.056432",
        "attribute_name": "control_command_success_rate",
        "values": 0.0
    },
    {
        "timestamp": "2024-07-12T16:05:56.056432",
        "attribute_name": "ddelbow_c",
        "values": [
            0.0,
            0.0
        ]
    },
    {
        "timestamp": "2024-07-12T16:05:56.056432",
        "attribute_name": "O_T_EE_d",
        "values": [
            -0.11176521364912771,
            -0.9926817871392655,
            0.045520911690867014,
            0.0,
            -0.9930804224481972,
            0.10992589002329295,
            -0.041089173195693385,
            0.0,
            0.0357852361243718,
            -0.0497992252224789,
            -0.9981179559765287,
            0.0,
            0.0793002178300875,
            -0.41679537840262765,
            0.17803745858533823,
            1.0
        ]
    },
    {
        "timestamp": "2024-07-12T16:05:56.114263",
        "attribute_name": "elbow",
        "values": [
            0.5155513060435146,
            -1.0
        ]
    },
    {
        "timestamp": "2024-07-12T16:05:56.114263",
        "attribute_name": "O_T_EE",
        "values": [
            -0.1117518219758089,
            -0.9926832118780857,
            0.045522720060457315,
            0.0,
            -0.9930819080415516,
            0.1099124219342108,
            -0.04108929698006091,
            0.0,
            0.03578583187325783,
            -0.04980055231306079,
            -0.9981178684035534,
            0.0,
            0.07930315927587732,
            -0.4167958954542825,
            0.17803834257843842,
            1.0
        ]
    },
    {
        "timestamp": "2024-07-12T16:05:56.114263",
        "attribute_name": "tau_J_d",
        "values": [
            0.0,
