[
    {
        "timestamp": "2024-07-12T15:40:54.813008",
        "attribute_name": "elbow",
        "values": [
            0.20148474901824528,
            -1.0
        ]
    },
    {
        "timestamp": "2024-07-12T15:40:54.813008",
        "attribute_name": "O_T_EE",
        "values": [
            -0.039236425068438226,
            -0.9990955294472699,
            0.01579154481158575,
            0.0,
            -0.9985806623429594,
            0.03864102045535455,
            -0.03639064761822042,
            0.0,
            0.03574822020698411,
            -0.01719730129717697,
            -0.9992128489867046,
            0.0,
            0.05266925228031413,
            -0.40125674683968343,
            0.1434213618628845,
            1.0
        ]
    },
    {
        "timestamp": "2024-07-12T15:40:54.813008",
        "attribute_name": "tau_J_d",
        "values": [
            0.0,
            0.0,
            0.0,
            0.0,
            0.0,
            0.0,
            0.0
        ]
    },
    {
        "timestamp": "2024-07-12T15:40:54.813008",
        "attribute_name": "q",
        "values": [
            -1.6388596409175604,
            -0.06839462055238103,
            0.20148474901824528,
            -2.72576004995141,
            0.10496114996406766,
            2.6783527653658714,
            0.8640172772705556
        ]
    },
    {
        "timestamp": "2024-07-12T15:40:54.813008",
        "attribute_name": "q_d",
        "values": [
            -1.6390044621961157,
            -0.06837574825788799,
            0.20147740815875356,
            -2.725782479976033,
            0.10489012334654187,
            2.6784038455932504,
            0.8640319389197381
        ]
    },
    {
        "timestamp": "2024-07-12T15:40:54.813008",
        "attribute_name": "dq",
        "values": [
            -0.0003472964615694651,
            0.002488602185977945,
            0.0013166733617300279,
            -0.0008644506687898368,
            -0.0004289750667816235,
            -0.0006126570094148638,
            0.0011265778606263676
        ]
    },
    {
        "timestamp": "2024-07-12T15:40:54.813008",
        "attribute_name": "tau_J",
        "values": [
            -0.14895004034042358,
            -20.735586166381836,
            -0.6615093946456909,
            16.312326431274414,
            0.272239089012146,
            2.478221893310547,
            0.06303808093070984
        ]
    },
    {
        "timestamp": "2024-07-12T15:40:54.813008",
        "attribute_name": "dtau_J",
        "values": [
            -16.629194259643555,
            -184.96578979492188,
            -168.89413452148438,
            45.54900360107422,
            7.447574615478516,
            50.97970199584961,
            -48.35621643066406
        ]
    },
    {
        "timestamp": "2024-07-12T15:40:54.813008",
        "attribute_name": "ddq_d",
        "values": [
            0.0,
            0.0,
            0.0,
            0.0,
            0.0,
            0.0,
            0.0
        ]
    },
    {
        "timestamp": "2024-07-12T15:40:54.813008",
        "attribute_name": "delbow_c",
        "values": [
            0.0,
            0.0
        ]
    },
    {
        "timestamp": "2024-07-12T15:40:54.813008",
        "attribute_name": "elbow_c",
        "values": [
            0.20147740815875356,
            -1.0
        ]
    },
    {
        "timestamp": "2024-07-12T15:40:54.813008",
        "attribute_name": "elbow_d",
        "values": [
            0.20147740815875356,
            -1.0
        ]
    },
    {
        "timestamp": "2024-07-12T15:40:54.813008",
        "attribute_name": "F_T_EE",
        "values": [
            0.707099974155426,
            -0.707099974155426,
            0.0,
            0.0,
            0.707099974155426,
            0.707099974155426,
            0.0,
            0.0,
            0.0,
            0.0,
            1.0,
            0.0,
            0.0,
            0.0,
            0.10339999943971634,
            1.0
        ]
    },
    {
        "timestamp": "2024-07-12T15:40:54.813008",
        "attribute_name": "O_ddP_EE_c",
        "values": [
            0.0,
            0.0,
            0.0,
            0.0,
            0.0,
            0.0
        ]
    },
    {
        "timestamp": "2024-07-12T15:40:54.813008",
        "attribute_name": "O_dP_EE_d",
        "values": [
            0.0,
            0.0,
            0.0,
            0.0,
            0.0,
            0.0
        ]
    },
    {
        "timestamp": "2024-07-12T15:40:54.813008",
        "attribute_name": "O_T_EE",
        "values": [
            -0.039236425068438226,
            -0.9990955294472699,
            0.01579154481158575,
            0.0,
            -0.9985806623429594,
            0.03864102045535455,
            -0.03639064761822042,
            0.0,
            0.03574822020698411,
            -0.01719730129717697,
            -0.9992128489867046,
            0.0,
            0.05266925228031413,
            -0.40125674683968343,
            0.1434213618628845,
            1.0
        ]
    },
    {
        "timestamp": "2024-07-12T15:40:54.813008",
        "attribute_name": "O_F_ext_hat_K",
        "values": [
            -0.28312013787900914,
            -0.16856344151284086,
            -0.9367302186513125,
            0.16565581026988266,
            0.20590333905214464,
            -0.20866163982706393
        ]
    },
    {
        "timestamp": "2024-07-12T15:40:54.813008",
        "attribute_name": "m_ee",
        "values": 0.7300000190734863
    },
    {
        "timestamp": "2024-07-12T15:40:54.813008",
        "attribute_name": "tau_ext_hat_filtered",
        "values": [
            -0.1429456580629686,
            0.08978845695282073,
            -0.2551073819691488,
            -0.052280660247761755,
            -0.041683778872057875,
            0.17737571178279432,
            0.08177342536093608
        ]
    },
    {
        "timestamp": "2024-07-12T15:40:54.813008",
        "attribute_name": "joint_contact",
        "values": [
            0.0,
            0.0,
            0.0,
            0.0,
            0.0,
            0.0,
            0.0
        ]
    },
    {
        "timestamp": "2024-07-12T15:40:54.813008",
        "attribute_name": "dq_d",
        "values": [
            0.0,
            0.0,
            0.0,
            0.0,
            0.0,
            0.0,
            0.0
        ]
    },
    {
        "timestamp": "2024-07-12T15:40:54.813008",
        "attribute_name": "EE_T_K",
        "values": [
            1.0,
            0.0,
            0.0,
            0.0,
            0.0,
            1.0,
            0.0,
            0.0,
            0.0,
            0.0,
            1.0,
            0.0,
            0.0,
            0.0,
            0.0,
            1.0
        ]
    },
    {
        "timestamp": "2024-07-12T15:40:54.813008",
        "attribute_name": "K_F_ext_hat_K",
        "values": [
            0.164730357264625,
            0.31029902493238887,
            0.9287706657679716,
            -0.18916287075973265,
            0.24480903064414866,
            0.07434200887761934
        ]
    },
    {
        "timestamp": "2024-07-12T15:40:54.813008",
        "attribute_name": "O_dP_EE_c",
        "values": [
            0.0,
            0.0,
            0.0,
            0.0,
            0.0,
            0.0
        ]
    },
    {
        "timestamp": "2024-07-12T15:40:54.813008",
        "attribute_name": "O_F_ext_hat_K",
        "values": [
            -0.28312013787900914,
            -0.16856344151284086,
            -0.9367302186513125,
            0.16565581026988266,
            0.20590333905214464,
            -0.20866163982706393
        ]
    },
    {
        "timestamp": "2024-07-12T15:40:54.813008",
        "attribute_name": "cartesian_contact",
        "values": [
            0.0,
            0.0,
            0.0,
            0.0,
            0.0,
            0.0
        ]
    },
    {
        "timestamp": "2024-07-12T15:40:54.813008",
        "attribute_name": "joint_collision",
        "values": [
            0.0,
            0.0,
            0.0,
            0.0,
            0.0,
            0.0,
            0.0
        ]
    },
    {
        "timestamp": "2024-07-12T15:40:54.813008",
        "attribute_name": "cartesian_collision",
        "values": [
            0.0,
            0.0,
            0.0,
            0.0,
            0.0,
            0.0
        ]
    },
    {
        "timestamp": "2024-07-12T15:40:54.813008",
        "attribute_name": "theta",
        "values": [
            -1.638870120048523,
            -0.06985045969486237,
            0.20143726468086243,
            -2.7246153354644775,
            0.10499139875173569,
            2.6786277294158936,
            0.86402428150177
        ]
    },
    {
        "timestamp": "2024-07-12T15:40:54.813008",
        "attribute_name": "control_command_success_rate",
        "values": 0.0
    },
    {
        "timestamp": "2024-07-12T15:40:54.813008",
        "attribute_name": "ddelbow_c",
        "values": [
            0.0,
            0.0
        ]
    },
    {
        "timestamp": "2024-07-12T15:40:54.813008",
        "attribute_name": "O_T_EE_d",
        "values": [
            -0.03934181759701761,
            -0.9990911602084289,
            0.015805754735114738,
            0.0,
            -0.9985777141564641,
            0.038746387221573024,
            -0.03635949901381063,
            0.0,
            0.035714725780153084,
            -0.017214054635923525,
            -0.999213758254679,
            0.0,
            0.05260609722290817,
            -0.4012605621325585,
            0.14341086306324782,
            1.0
        ]
    },
    {
        "timestamp": "2024-07-12T15:40:54.834045",
        "attribute_name": "elbow",
        "values": [
            0.20148155928161,
            -1.0
        ]
    },
    {
        "timestamp": "2024-07-12T15:40:54.834045",
        "attribute_name": "O_T_EE",
        "values": [
            -0.03923139111079812,
            -0.9990954890054159,
            0.015806603105951184,
            0.0,
            -0.9985808469604159,
            0.03863543576513848,
            -0.036391511211609114,
            0.0,
            0.035748587961739346,
            -0.0172121921145986,
            -0.9992125794351029,
            0.0,
            0.052669411527858825,
            -0.40126134706498723,
            0.1434268118067879,
            1.0
        ]
    },
    {
        "timestamp": "2024-07-12T15:40:54.834045",
        "attribute_name": "tau_J_d",
        "values": [
            0.0,
            0.0,
            0.0,
            0.0,
            0.0,
            0.0,
            0.0
        ]
    },
    {
        "timestamp": "2024-07-12T15:40:54.834045",
        "attribute_name": "q",
        "values": [
            -1.6388568803018988,
            -0.0684034046143816,
            0.20148155928161,
            -2.7257545600136246,
            0.10496114947727975,
            2.6783534360925016,
            0.8640118604004383
        ]
    },
    {
        "timestamp": "2024-07-12T15:40:54.834045",
        "attribute_name": "q_d",
        "values": [
            -1.6390044621961157,
            -0.06837574825788799,
            0.20147740815875356,
            -2.725782479976033,
            0.10489012334654187,
            2.6784038455932504,
            0.8640319389197381
        ]
    },
    {
        "timestamp": "2024-07-12T15:40:54.834045",
        "attribute_name": "dq",
        "values": [
            0.0011817353250053516,
            -0.0004442270360662871,
            -0.0005446088861578754,
            0.0014286892843077023,
            -0.00011716993358631885,
            -0.0007336026960551859,
            0.00026497050790332883
        ]
    },
    {
        "timestamp": "2024-07-12T15:40:54.834045",
        "attribute_name": "tau_J",
        "values": [
            -0.18862289190292358,
            -20.620534896850586,
            -0.5861309766769409,
            16.276620864868164,
            0.272239089012146,
            2.478221893310547,
            0.08317968249320984
        ]
    },
    {
        "timestamp": "2024-07-12T15:40:54.834045",
        "attribute_name": "dtau_J",
        "values": [
            -89.77469635009766,
            92.26032257080078,
            31.37810707092285,
            45.14837646484375,
            3.4931728839874268,
            24.94980812072754,
            -41.18476104736328
        ]
    },
    {
        "timestamp": "2024-07-12T15:40:54.834045",
        "attribute_name": "ddq_d",
        "values": [
            0.0,
            0.0,
            0.0,
            0.0,
            0.0,
            0.0,
            0.0
        ]
    },
    {
        "timestamp": "2024-07-12T15:40:54.834045",
        "attribute_name": "delbow_c",
        "values": [
            0.0,
            0.0
        ]
    },
    {
        "timestamp": "2024-07-12T15:40:54.834045",
        "attribute_name": "elbow_c",
        "values": [
            0.20147740815875356,
            -1.0
        ]
    },
    {
        "timestamp": "2024-07-12T15:40:54.834045",
        "attribute_name": "elbow_d",
        "values": [
            0.20147740815875356,
            -1.0
        ]
    },
    {
        "timestamp": "2024-07-12T15:40:54.834045",
        "attribute_name": "F_T_EE",
        "values": [
            0.707099974155426,
            -0.707099974155426,
            0.0,
            0.0,
            0.707099974155426,
            0.707099974155426,
            0.0,
            0.0,
            0.0,
            0.0,
            1.0,
            0.0,
            0.0,
            0.0,
            0.10339999943971634,
            1.0
        ]
    },
    {
        "timestamp": "2024-07-12T15:40:54.834045",
        "attribute_name": "O_ddP_EE_c",
        "values": [
            0.0,
            0.0,
            0.0,
            0.0,
            0.0,
            0.0
        ]
    },
    {
        "timestamp": "2024-07-12T15:40:54.834045",
        "attribute_name": "O_dP_EE_d",
        "values": [
            0.0,
            0.0,
            0.0,
            0.0,
            0.0,
            0.0
        ]
    },
    {
        "timestamp": "2024-07-12T15:40:54.834045",
        "attribute_name": "O_T_EE",
        "values": [
            -0.03923139111079812,
            -0.9990954890054159,
            0.015806603105951184,
            0.0,
            -0.9985808469604159,
            0.03863543576513848,
            -0.036391511211609114,
            0.0,
            0.035748587961739346,
            -0.0172121921145986,
            -0.9992125794351029,
            0.0,
            0.052669411527858825,
            -0.40126134706498723,
            0.1434268118067879,
            1.0
        ]
    },
    {
        "timestamp": "2024-07-12T15:40:54.834045",
        "attribute_name": "O_F_ext_hat_K",
        "values": [
            -0.325080594880019,
            -0.21556334069022504,
            -0.940594353004873,
            0.1829023722849148,
            0.19224861846737282,
            -0.22654251706000575
        ]
    },
    {
        "timestamp": "2024-07-12T15:40:54.834045",
        "attribute_name": "m_ee",
        "values": 0.7300000190734863
    },
    {
        "timestamp": "2024-07-12T15:40:54.834045",
        "attribute_name": "tau_ext_hat_filtered",
        "values": [
            -0.15655995098361628,
            0.09141211964157966,
            -0.2773086307663277,
            -0.04072683453773158,
            -0.04023949410202808,
            0.17796819224661908,
            0.08127463460124162
        ]
    },
    {
        "timestamp": "2024-07-12T15:40:54.834045",
        "attribute_name": "joint_contact",
        "values": [
            0.0,
            0.0,
            0.0,
            0.0,
            0.0,
            0.0,
            0.0
        ]
    },
    {
        "timestamp": "2024-07-12T15:40:54.834045",
        "attribute_name": "dq_d",
        "values": [
            0.0,
            0.0,
            0.0,
            0.0,
            0.0,
            0.0,
            0.0
        ]
    },
    {
        "timestamp": "2024-07-12T15:40:54.834045",
        "attribute_name": "EE_T_K",
        "values": [
            1.0,
            0.0,
            0.0,
            0.0,
            0.0,
            1.0,
            0.0,
            0.0,
            0.0,
            0.0,
            1.0,
            0.0,
            0.0,
            0.0,
            0.0,
            1.0
        ]
    },
    {
        "timestamp": "2024-07-12T15:40:54.834045",
        "attribute_name": "K_F_ext_hat_K",
        "values": [
            0.21325822949892412,
            0.35052727084225704,
            0.9319428550601929,
            -0.181662157068725,
            0.23551578679452007,
            0.07336193392162449
        ]
    },
    {
        "timestamp": "2024-07-12T15:40:54.834045",
        "attribute_name": "O_dP_EE_c",
        "values": [
            0.0,
            0.0,
            0.0,
            0.0,
            0.0,
            0.0
        ]
    },
    {
        "timestamp": "2024-07-12T15:40:54.834045",
        "attribute_name": "O_F_ext_hat_K",
        "values": [
            -0.325080594880019,
            -0.21556334069022504,
            -0.940594353004873,
            0.1829023722849148,
            0.19224861846737282,
            -0.22654251706000575
        ]
    },
    {
        "timestamp": "2024-07-12T15:40:54.834045",
        "attribute_name": "cartesian_contact",
        "values": [
            0.0,
            0.0,
            0.0,
            0.0,
            0.0,
            0.0
        ]
    },
    {
        "timestamp": "2024-07-12T15:40:54.834045",
        "attribute_name": "joint_collision",
        "values": [
            0.0,
            0.0,
            0.0,
            0.0,
            0.0,
            0.0,
            0.0
        ]
    },
    {
        "timestamp": "2024-07-12T15:40:54.834045",
        "attribute_name": "cartesian_collision",
        "values": [
            0.0,
            0.0,
            0.0,
            0.0,
            0.0,
            0.0
        ]
    },
    {
        "timestamp": "2024-07-12T15:40:54.834045",
        "attribute_name": "theta",
        "values": [
            -1.638870120048523,
            -0.06985045969486237,
            0.2014404535293579,
            -2.72461199760437,
            0.10499139875173569,
            2.6786277294158936,
            0.864019513130188
        ]
    },
    {
        "timestamp": "2024-07-12T15:40:54.834045",
        "attribute_name": "control_command_success_rate",
        "values": 0.0
    },
    {
        "timestamp": "2024-07-12T15:40:54.834045",
        "attribute_name": "ddelbow_c",
        "values": [
            0.0,
            0.0
        ]
    },
    {
        "timestamp": "2024-07-12T15:40:54.834045",
        "attribute_name": "O_T_EE_d",
        "values": [
            -0.03934181759701761,
            -0.9990911602084289,
            0.015805754735114738,
            0.0,
            -0.9985777141564641,
            0.038746387221573024,
            -0.03635949901381063,
            0.0,
            0.035714725780153084,
            -0.017214054635923525,
            -0.999213758254679,
            0.0,
            0.05260609722290817,
            -0.4012605621325585,
            0.14341086306324782,
            1.0
        ]
    },
    {
        "timestamp": "2024-07-12T15:40:54.863583",
        "attribute_name": "elbow",
        "values": [
            0.20147938089127962,
            -1.0
        ]
    },
    {
        "timestamp": "2024-07-12T15:40:54.863583",
        "attribute_name": "O_T_EE",
        "values": [
            -0.0392466579271963,
            -0.999094986248757,
            0.015800480858173392,
            0.0,
            -0.9985802379654577,
            0.03865090881004586,
            -0.03639179157743473,
            0.0,
            0.03574884183680423,
            -0.01720663541177237,
            -0.9992126660551963,
            0.0,
            0.05266627536693304,
            -0.4012581479647603,
            0.14342341550724813,
            1.0
        ]
    },
    {
        "timestamp": "2024-07-12T15:40:54.863583",
        "attribute_name": "tau_J_d",
        "values": [
            0.0,
            0.0,
            0.0,
            0.0,
            0.0,
            0.0,
            0.0
        ]
    },
    {
        "timestamp": "2024-07-12T15:40:54.863583",
        "attribute_name": "q",
        "values": [
            -1.6388613743055476,
            -0.06840062055462284,
            0.20147938089127962,
            -2.725762596937114,
            0.1049631713260009,
            2.678358402177567,
            0.8640183962488339
        ]
    },
    {
        "timestamp": "2024-07-12T15:40:54.863583",
        "attribute_name": "q_d",
        "values": [
            -1.6390044621961157,
            -0.06837574825788799,
            0.20147740815875356,
            -2.725782479976033,
            0.10489012334654187,
            2.6784038455932504,
            0.8640319389197381
        ]
    },
    {
        "timestamp": "2024-07-12T15:40:54.863583",
        "attribute_name": "dq",
        "values": [
            -0.0008742717832907338,
            0.0005405682932585975,
            -0.0009677654668179258,
            -0.0021315970625645827,
            0.00041587389453181053,
            0.0002746348431701957,
            0.0016987229657760329
        ]
    },
    {
        "timestamp": "2024-07-12T15:40:54.863583",
        "attribute_name": "tau_J",
        "values": [
            -0.11324447393417358,
            -20.660207748413086,
            -0.5861309766769409,
            16.351999282836914,
            0.253928542137146,
            2.457164764404297,
            0.05296727642416954
        ]
    },
    {
        "timestamp": "2024-07-12T15:40:54.863583",
        "attribute_name": "dtau_J",
        "values": [
            -18.811569213867188,
            -157.9604034423828,
            42.691444396972656,
            152.6761474609375,
            0.9082012176513672,
            -10.966202735900879,
            -61.54872512817383
        ]
    },
    {
        "timestamp": "2024-07-12T15:40:54.863583",
        "attribute_name": "ddq_d",
        "values": [
            0.0,
            0.0,
            0.0,
            0.0,
            0.0,
            0.0,
            0.0
        ]
    },
    {
        "timestamp": "2024-07-12T15:40:54.863583",
        "attribute_name": "delbow_c",
        "values": [
            0.0,
            0.0
        ]
    },
    {
        "timestamp": "2024-07-12T15:40:54.863583",
        "attribute_name": "elbow_c",
        "values": [
            0.20147740815875356,
            -1.0
        ]
    },
    {
        "timestamp": "2024-07-12T15:40:54.863583",
        "attribute_name": "elbow_d",
        "values": [
            0.20147740815875356,
            -1.0
        ]
    },
    {
        "timestamp": "2024-07-12T15:40:54.863583",
        "attribute_name": "F_T_EE",
        "values": [
            0.707099974155426,
            -0.707099974155426,
            0.0,
            0.0,
            0.707099974155426,
            0.707099974155426,
            0.0,
            0.0,
            0.0,
            0.0,
            1.0,
            0.0,
            0.0,
            0.0,
            0.10339999943971634,
            1.0
        ]
    },
    {
        "timestamp": "2024-07-12T15:40:54.863583",
        "attribute_name": "O_ddP_EE_c",
        "values": [
            0.0,
            0.0,
            0.0,
            0.0,
            0.0,
            0.0
        ]
    },
    {
        "timestamp": "2024-07-12T15:40:54.863583",
        "attribute_name": "O_dP_EE_d",
        "values": [
            0.0,
            0.0,
            0.0,
            0.0,
            0.0,
            0.0
        ]
    },
    {
        "timestamp": "2024-07-12T15:40:54.863583",
        "attribute_name": "O_T_EE",
        "values": [
            -0.0392466579271963,
            -0.999094986248757,
            0.015800480858173392,
            0.0,
            -0.9985802379654577,
            0.03865090881004586,
            -0.03639179157743473,
            0.0,
            0.03574884183680423,
            -0.01720663541177237,
            -0.9992126660551963,
            0.0,
            0.05266627536693304,
            -0.4012581479647603,
            0.14342341550724813,
            1.0
        ]
    },
    {
        "timestamp": "2024-07-12T15:40:54.863583",
        "attribute_name": "O_F_ext_hat_K",
        "values": [
            -0.24066257099844385,
            -0.21555135969464703,
            -0.9330484177860165,
            0.18044375630270726,
            0.21066639767763187,
            -0.19178052664429218
        ]
    },
    {
        "timestamp": "2024-07-12T15:40:54.863583",
        "attribute_name": "m_ee",
        "values": 0.7300000190734863
    },
    {
        "timestamp": "2024-07-12T15:40:54.863583",
        "attribute_name": "tau_ext_hat_filtered",
        "values": [
            -0.12374741161259359,
            0.08959419095082191,
            -0.2412817417412649,
            -0.03346774318578287,
            -0.04248939875538487,
            0.17820807124587915,
            0.08007459905306898
        ]
    },
    {
        "timestamp": "2024-07-12T15:40:54.863583",
        "attribute_name": "joint_contact",
        "values": [
            0.0,
            0.0,
            0.0,
            0.0,
            0.0,
            0.0,
            0.0
        ]
    },
    {
        "timestamp": "2024-07-12T15:40:54.863583",
        "attribute_name": "dq_d",
        "values": [
            0.0,
            0.0,
            0.0,
            0.0,
            0.0,
            0.0,
            0.0
        ]
    },
    {
        "timestamp": "2024-07-12T15:40:54.863583",
        "attribute_name": "EE_T_K",
        "values": [
            1.0,
            0.0,
            0.0,
            0.0,
            0.0,
            1.0,
            0.0,
            0.0,
            0.0,
            0.0,
            1.0,
            0.0,
            0.0,
            0.0,
            0.0,
            1.0
        ]
    },
    {
        "timestamp": "2024-07-12T15:40:54.863583",
        "attribute_name": "K_F_ext_hat_K",
        "values": [
            0.21006291504695876,
            0.2659500553839797,
            0.927419302566664,
            -0.18837022463839823,
            0.23517181342686316,
            0.07238250736263832
        ]
    },
    {
        "timestamp": "2024-07-12T15:40:54.863583",
        "attribute_name": "O_dP_EE_c",
        "values": [
            0.0,
            0.0,
            0.0,
            0.0,
            0.0,
            0.0
        ]
    },
    {
        "timestamp": "2024-07-12T15:40:54.863583",
        "attribute_name": "O_F_ext_hat_K",
        "values": [
            -0.24066257099844385,
            -0.21555135969464703,
            -0.9330484177860165,
            0.18044375630270726,
            0.21066639767763187,
            -0.19178052664429218
        ]
    },
    {
        "timestamp": "2024-07-12T15:40:54.863583",
        "attribute_name": "cartesian_contact",
        "values": [
            0.0,
            0.0,
            0.0,
            0.0,
            0.0,
            0.0
        ]
    },
    {
        "timestamp": "2024-07-12T15:40:54.863583",
        "attribute_name": "joint_collision",
        "values": [
            0.0,
            0.0,
            0.0,
            0.0,
            0.0,
            0.0,
            0.0
        ]
    },
    {
        "timestamp": "2024-07-12T15:40:54.863583",
        "attribute_name": "cartesian_collision",
        "values": [
            0.0,
            0.0,
            0.0,
            0.0,
            0.0,
            0.0
        ]
    },
    {
        "timestamp": "2024-07-12T15:40:54.863583",
        "attribute_name": "theta",
        "values": [
            -1.638870120048523,
            -0.06985045969486237,
            0.20143726468086243,
            -2.7246153354644775,
            0.10499139875173569,
            2.6786324977874756,
            0.86402428150177
        ]
    },
    {
        "timestamp": "2024-07-12T15:40:54.863583",
        "attribute_name": "control_command_success_rate",
        "values": 0.0
    },
    {
        "timestamp": "2024-07-12T15:40:54.863583",
        "attribute_name": "ddelbow_c",
        "values": [
            0.0,
            0.0
        ]
    },
    {
        "timestamp": "2024-07-12T15:40:54.863583",
        "attribute_name": "O_T_EE_d",
        "values": [
            -0.03934181759701761,
            -0.9990911602084289,
            0.015805754735114738,
            0.0,
            -0.9985777141564641,
            0.038746387221573024,
            -0.03635949901381063,
            0.0,
            0.035714725780153084,
            -0.017214054635923525,
            -0.999213758254679,
            0.0,
            0.05260609722290817,
            -0.4012605621325585,
            0.14341086306324782,
            1.0
        ]
    },
    {
        "timestamp": "2024-07-12T15:40:54.909487",
        "attribute_name": "elbow",
        "values": [
            0.20148616655981633,
            -1.0
        ]
    },
    {
        "timestamp": "2024-07-12T15:40:54.909487",
        "attribute_name": "O_T_EE",
        "values": [
            -0.03922905607145139,
            -0.9990956036777862,
            0.015805150194521642,
            0.0,
            -0.9985809823847158,
            0.038633176577632725,
            -0.03639019357334353,
            0.0,
            0.035747367505408315,
            -0.017210606709634372,
            -0.9992126504068688,
            0.0,
            0.05266882514953146,
            -0.40125852517455474,
            0.1434247533383598,
            1.0
        ]
    },
    {
        "timestamp": "2024-07-12T15:40:54.909487",
        "attribute_name": "tau_J_d",
        "values": [
            0.0,
            0.0,
            0.0,
            0.0,
            0.0,
            0.0,
            0.0
        ]
    },
    {
        "timestamp": "2024-07-12T15:40:54.909487",
        "attribute_name": "q",
        "values": [
            -1.6388613518438369,
            -0.06840406657708575,
            0.20148616655981633,
            -2.7257628441846844,
            0.10496114996399347,
            2.678359422085921,
            0.864009342700243
        ]
    },
    {
        "timestamp": "2024-07-12T15:40:54.909487",
        "attribute_name": "q_d",
        "values": [
            -1.6390044621961157,
            -0.06837574825788799,
            0.20147740815875356,
            -2.725782479976033,
            0.10489012334654187,
            2.6784038455932504,
            0.8640319389197381
        ]
    },
    {
        "timestamp": "2024-07-12T15:40:54.909487",
        "attribute_name": "dq",
        "values": [
            6.193512349648095e-05,
            -0.000284146266852335,
            0.0010152745636841422,
            -0.0014851572232261142,
            -0.00040450033804575027,
            0.00016329671839430469,
            -0.0009281857453112803
        ]
    },
    {
        "timestamp": "2024-07-12T15:40:54.909487",
        "attribute_name": "tau_J",
        "values": [
            -0.11324447393417358,
            -20.580862045288086,
            -0.6615093946456909,
            16.351999282836914,
            0.272239089012146,
            2.457164764404297,
            0.13444921374320984
        ]
    },
    {
        "timestamp": "2024-07-12T15:40:54.909487",
        "attribute_name": "dtau_J",
        "values": [
            -14.03174114227295,
            64.84962463378906,
            -71.45514678955078,
            204.65933227539062,
            26.471946716308594,
            17.86067008972168,
            68.03834533691406
        ]
    },
    {
        "timestamp": "2024-07-12T15:40:54.909487",
        "attribute_name": "ddq_d",
        "values": [
            0.0,
            0.0,
            0.0,
            0.0,
            0.0,
            0.0,
            0.0
        ]
    },
    {
        "timestamp": "2024-07-12T15:40:54.909487",
        "attribute_name": "delbow_c",
        "values": [
            0.0,
            0.0
        ]
    },
    {
        "timestamp": "2024-07-12T15:40:54.909487",
        "attribute_name": "elbow_c",
        "values": [
            0.20147740815875356,
            -1.0
        ]
    },
    {
        "timestamp": "2024-07-12T15:40:54.909487",
        "attribute_name": "elbow_d",
        "values": [
            0.20147740815875356,
            -1.0
        ]
    },
    {
        "timestamp": "2024-07-12T15:40:54.909487",
        "attribute_name": "F_T_EE",
        "values": [
            0.707099974155426,
            -0.707099974155426,
            0.0,
            0.0,
            0.707099974155426,
            0.707099974155426,
            0.0,
            0.0,
            0.0,
            0.0,
            1.0,
            0.0,
            0.0,
            0.0,
            0.10339999943971634,
            1.0
        ]
    },
    {
        "timestamp": "2024-07-12T15:40:54.909487",
        "attribute_name": "O_ddP_EE_c",
        "values": [
            0.0,
            0.0,
            0.0,
            0.0,
            0.0,
            0.0
        ]
    },
    {
        "timestamp": "2024-07-12T15:40:54.909487",
        "attribute_name": "O_dP_EE_d",
        "values": [
            0.0,
            0.0,
            0.0,
            0.0,
            0.0,
            0.0
        ]
    },
    {
        "timestamp": "2024-07-12T15:40:54.909487",
        "attribute_name": "O_T_EE",
        "values": [
            -0.03922905607145139,
            -0.9990956036777862,
            0.015805150194521642,
            0.0,
            -0.9985809823847158,
            0.038633176577632725,
            -0.03639019357334353,
            0.0,
            0.035747367505408315,
            -0.017210606709634372,
            -0.9992126504068688,
            0.0,
            0.05266882514953146,
            -0.40125852517455474,
            0.1434247533383598,
            1.0
        ]
    },
    {
        "timestamp": "2024-07-12T15:40:54.909487",
        "attribute_name": "O_F_ext_hat_K",
        "values": [
            -0.24164606122761928,
            -0.25069315724958274,
            -0.969011589768985,
            0.20393762282595643,
            0.21201616264840287,
            -0.19293870202235752
        ]
    },
    {
        "timestamp": "2024-07-12T15:40:54.909487",
        "attribute_name": "m_ee",
        "values": 0.7300000190734863
    },
    {
        "timestamp": "2024-07-12T15:40:54.909487",
        "attribute_name": "tau_ext_hat_filtered",
        "values": [
            -0.12494762694033393,
            0.1012489090169944,
            -0.24222375158159382,
            -0.03206268404962798,
            -0.04311719660095683,
            0.1781884580901054,
            0.07913264033059685
        ]
    },
    {
        "timestamp": "2024-07-12T15:40:54.909487",
        "attribute_name": "joint_contact",
        "values": [
            0.0,
            0.0,
            0.0,
            0.0,
            0.0,
            0.0,
            0.0
        ]
    },
    {
        "timestamp": "2024-07-12T15:40:54.909487",
        "attribute_name": "dq_d",
        "values": [
            0.0,
            0.0,
            0.0,
            0.0,
            0.0,
            0.0,
            0.0
        ]
    },
    {
        "timestamp": "2024-07-12T15:40:54.909487",
        "attribute_name": "EE_T_K",
        "values": [
            1.0,
            0.0,
            0.0,
            0.0,
            0.0,
            1.0,
            0.0,
            0.0,
            0.0,
            0.0,
            1.0,
            0.0,
            0.0,
            0.0,
            0.0,
            1.0
        ]
    },
    {
        "timestamp": "2024-07-12T15:40:54.909487",
        "attribute_name": "K_F_ext_hat_K",
        "values": [
            0.24463531443685138,
            0.2668857459033846,
            0.9639250096653221,
            -0.18811033802760238,
            0.23109597238413115,
            0.07144570987047481
        ]
    },
    {
        "timestamp": "2024-07-12T15:40:54.909487",
        "attribute_name": "O_dP_EE_c",
        "values": [
            0.0,
            0.0,
            0.0,
            0.0,
            0.0,
            0.0
        ]
    },
    {
        "timestamp": "2024-07-12T15:40:54.909487",
        "attribute_name": "O_F_ext_hat_K",
        "values": [
            -0.24164606122761928,
            -0.25069315724958274,
            -0.969011589768985,
            0.20393762282595643,
            0.21201616264840287,
            -0.19293870202235752
        ]
    },
    {
        "timestamp": "2024-07-12T15:40:54.909487",
        "attribute_name": "cartesian_contact",
        "values": [
            0.0,
            0.0,
            0.0,
            0.0,
            0.0,
            0.0
        ]
    },
    {
        "timestamp": "2024-07-12T15:40:54.909487",
        "attribute_name": "joint_collision",
        "values": [
            0.0,
            0.0,
            0.0,
            0.0,
            0.0,
            0.0,
            0.0
        ]
    },
    {
        "timestamp": "2024-07-12T15:40:54.909487",
        "attribute_name": "cartesian_collision",
        "values": [
            0.0,
            0.0,
            0.0,
            0.0,
            0.0,
            0.0
        ]
    },
    {
        "timestamp": "2024-07-12T15:40:54.909487",
        "attribute_name": "theta",
        "values": [
            -1.638870120048523,
            -0.06984726339578629,
            0.2014404535293579,
            -2.7246153354644775,
            0.10499139875173569,
            2.6786324977874756,
            0.86402428150177
        ]
    },
    {
        "timestamp": "2024-07-12T15:40:54.909487",
        "attribute_name": "control_command_success_rate",
        "values": 0.0
    },
    {
        "timestamp": "2024-07-12T15:40:54.909487",
        "attribute_name": "ddelbow_c",
        "values": [
            0.0,
            0.0
        ]
    },
    {
        "timestamp": "2024-07-12T15:40:54.909487",
        "attribute_name": "O_T_EE_d",
        "values": [
            -0.03934181759701761,
            -0.9990911602084289,
            0.015805754735114738,
            0.0,
            -0.9985777141564641,
            0.038746387221573024,
            -0.03635949901381063,
            0.0,
            0.035714725780153084,
            -0.017214054635923525,
            -0.999213758254679,
            0.0,
            0.05260609722290817,
            -0.4012605621325585,
            0.14341086306324782,
            1.0
        ]
    },
    {
        "timestamp": "2024-07-12T15:40:54.973596",
        "attribute_name": "elbow",
        "values": [
            0.2014727652433112,
            -1.0
        ]
    },
    {
        "timestamp": "2024-07-12T15:40:54.973596",
        "attribute_name": "O_T_EE",
        "values": [
            -0.03924387033243728,
            -0.9990950407832709,
            0.015803955986194253,
            0.0,
            -0.9985803636239438,
            0.03864800465025656,
            -0.03639142787023468,
            0.0,
            0.0357483920150498,
            -0.01720999193761731,
            -0.9992126243427099,
            0.0,
            0.05266453384417966,
            -0.40126044310152553,
            0.14342578700413858,
            1.0
        ]
    },
    {
        "timestamp": "2024-07-12T15:40:54.973596",
