[
    {
        "timestamp": "2024-07-12T15:26:50.632971",
        "attribute_name": "elbow",
        "values": [
            0.20166668618507402,
            -1.0
        ]
    },
    {
        "timestamp": "2024-07-12T15:26:50.632971",
        "attribute_name": "O_T_EE",
        "values": [
            -0.03918724018697117,
            -0.9990993621012508,
            0.01567072929416274,
            0.0,
            -0.9985824942000731,
            0.038596228107785444,
            -0.03638791494743087,
            0.0,
            0.03575099988725262,
            -0.01707478665000147,
            -0.9992148506041725,
            0.0,
            0.05269327499016496,
            -0.4012325547351687,
            0.14337864323338728,
            1.0
        ]
    },
    {
        "timestamp": "2024-07-12T15:26:50.632971",
        "attribute_name": "tau_J_d",
        "values": [
            0.0,
            0.0,
            0.0,
            0.0,
            0.0,
            0.0,
            0.0
        ]
    },
    {
        "timestamp": "2024-07-12T15:26:50.632971",
        "attribute_name": "q",
        "values": [
            -1.6389804129017516,
            -0.06828806704070312,
            0.20166668618507402,
            -2.72575318346519,
            0.10497626619868808,
            2.6783329447287096,
            0.864016158292691
        ]
    },
    {
        "timestamp": "2024-07-12T15:26:50.632971",
        "attribute_name": "q_d",
        "values": [
            -1.6390044621961157,
            -0.06837574825788799,
            0.20147740815875356,
            -2.725782479976033,
            0.10489012334654187,
            2.6784038455932504,
            0.8640319389197381
        ]
    },
    {
        "timestamp": "2024-07-12T15:26:50.632971",
        "attribute_name": "dq",
        "values": [
            -0.0013227939171684376,
            0.001405222555536012,
            -0.0018030181025468649,
            -0.0005002726524418371,
            -9.440281683334737e-07,
            0.00031567595856495784,
            0.00022666854523383778
        ]
    },
    {
        "timestamp": "2024-07-12T15:26:50.632971",
        "attribute_name": "tau_J",
        "values": [
            -0.3393797278404236,
            -20.775259017944336,
            -0.8082989454269409,
            16.276620864868164,
            0.308860182762146,
            2.478221893310547,
            0.07310888171195984
        ]
    },
    {
        "timestamp": "2024-07-12T15:26:50.632971",
        "attribute_name": "dtau_J",
        "values": [
            -42.046993255615234,
            -90.90090942382812,
            43.21930694580078,
            41.26438522338867,
            1.8859126567840576,
            -37.35258865356445,
            -0.5882339477539062
        ]
    },
    {
        "timestamp": "2024-07-12T15:26:50.632971",
        "attribute_name": "ddq_d",
        "values": [
            0.0,
            0.0,
            0.0,
            0.0,
            0.0,
            0.0,
            0.0
        ]
    },
    {
        "timestamp": "2024-07-12T15:26:50.632971",
        "attribute_name": "delbow_c",
        "values": [
            0.0,
            0.0
        ]
    },
    {
        "timestamp": "2024-07-12T15:26:50.632971",
        "attribute_name": "elbow_c",
        "values": [
            0.20147740815875356,
            -1.0
        ]
    },
    {
        "timestamp": "2024-07-12T15:26:50.632971",
        "attribute_name": "elbow_d",
        "values": [
            0.20147740815875356,
            -1.0
        ]
    },
    {
        "timestamp": "2024-07-12T15:26:50.632971",
        "attribute_name": "F_T_EE",
        "values": [
            0.707099974155426,
            -0.707099974155426,
            0.0,
            0.0,
            0.707099974155426,
            0.707099974155426,
            0.0,
            0.0,
            0.0,
            0.0,
            1.0,
            0.0,
            0.0,
            0.0,
            0.10339999943971634,
            1.0
        ]
    },
    {
        "timestamp": "2024-07-12T15:26:50.632971",
        "attribute_name": "O_ddP_EE_c",
        "values": [
            0.0,
            0.0,
            0.0,
            0.0,
            0.0,
            0.0
        ]
    },
    {
        "timestamp": "2024-07-12T15:26:50.632971",
        "attribute_name": "O_dP_EE_d",
        "values": [
            0.0,
            0.0,
            0.0,
            0.0,
            0.0,
            0.0
        ]
    },
    {
        "timestamp": "2024-07-12T15:26:50.632971",
        "attribute_name": "O_T_EE",
        "values": [
            -0.03918724018697117,
            -0.9990993621012508,
            0.01567072929416274,
            0.0,
            -0.9985824942000731,
            0.038596228107785444,
            -0.03638791494743087,
            0.0,
            0.03575099988725262,
            -0.01707478665000147,
            -0.9992148506041725,
            0.0,
            0.05269327499016496,
            -0.4012325547351687,
            0.14337864323338728,
            1.0
        ]
    },
    {
        "timestamp": "2024-07-12T15:26:50.632971",
        "attribute_name": "O_F_ext_hat_K",
        "values": [
            -2.1875629569879407,
            0.3207188862298765,
            -0.7340764091089068,
            -0.08016455311328335,
            -0.2797984849628479,
            -0.9413659041895759
        ]
    },
    {
        "timestamp": "2024-07-12T15:26:50.632971",
        "attribute_name": "m_ee",
        "values": 0.7300000190734863
    },
    {
        "timestamp": "2024-07-12T15:26:50.632971",
        "attribute_name": "tau_ext_hat_filtered",
        "values": [
            -0.851167242696282,
            -0.002694218941195091,
            -1.001929454819587,
            -0.24741628312474148,
            0.009391771702434553,
            0.18636178730250982,
            0.07900789016602294
        ]
    },
    {
        "timestamp": "2024-07-12T15:26:50.632971",
        "attribute_name": "joint_contact",
        "values": [
            0.0,
            0.0,
            0.0,
            0.0,
            0.0,
            0.0,
            0.0
        ]
    },
    {
        "timestamp": "2024-07-12T15:26:50.632971",
        "attribute_name": "dq_d",
        "values": [
            0.0,
            0.0,
            0.0,
            0.0,
            0.0,
            0.0,
            0.0
        ]
    },
    {
        "timestamp": "2024-07-12T15:26:50.632971",
        "attribute_name": "EE_T_K",
        "values": [
            1.0,
            0.0,
            0.0,
            0.0,
            0.0,
            1.0,
            0.0,
            0.0,
            0.0,
            0.0,
            1.0,
            0.0,
            0.0,
            0.0,
            0.0,
            1.0
        ]
    },
    {
        "timestamp": "2024-07-12T15:26:50.632971",
        "attribute_name": "K_F_ext_hat_K",
        "values": [
            -0.24621373269218197,
            2.2235949341326178,
            0.6498162798741686,
            0.016443889969085017,
            0.3309954970583403,
            0.06881146961021609
        ]
    },
    {
        "timestamp": "2024-07-12T15:26:50.632971",
        "attribute_name": "O_dP_EE_c",
        "values": [
            0.0,
            0.0,
            0.0,
            0.0,
            0.0,
            0.0
        ]
    },
    {
        "timestamp": "2024-07-12T15:26:50.632971",
        "attribute_name": "O_F_ext_hat_K",
        "values": [
            -2.1875629569879407,
            0.3207188862298765,
            -0.7340764091089068,
            -0.08016455311328335,
            -0.2797984849628479,
            -0.9413659041895759
        ]
    },
    {
        "timestamp": "2024-07-12T15:26:50.632971",
        "attribute_name": "cartesian_contact",
        "values": [
            0.0,
            0.0,
            0.0,
            0.0,
            0.0,
            0.0
        ]
    },
    {
        "timestamp": "2024-07-12T15:26:50.632971",
        "attribute_name": "joint_collision",
        "values": [
            0.0,
            0.0,
            0.0,
            0.0,
            0.0,
            0.0,
            0.0
        ]
    },
    {
        "timestamp": "2024-07-12T15:26:50.632971",
        "attribute_name": "cartesian_collision",
        "values": [
            0.0,
            0.0,
            0.0,
            0.0,
            0.0,
            0.0
        ]
    },
    {
        "timestamp": "2024-07-12T15:26:50.632971",
        "attribute_name": "theta",
        "values": [
            -1.6390042304992676,
            -0.06974499672651291,
            0.20160983502864838,
            -2.72461199760437,
            0.10501058399677277,
            2.6786086559295654,
            0.86402428150177
        ]
    },
    {
        "timestamp": "2024-07-12T15:26:50.632971",
        "attribute_name": "control_command_success_rate",
        "values": 0.0
    },
    {
        "timestamp": "2024-07-12T15:26:50.632971",
        "attribute_name": "ddelbow_c",
        "values": [
            0.0,
            0.0
        ]
    },
    {
        "timestamp": "2024-07-12T15:26:50.632971",
        "attribute_name": "O_T_EE_d",
        "values": [
            -0.03934181759701761,
            -0.9990911602084289,
            0.015805754735114738,
            0.0,
            -0.9985777141564641,
            0.038746387221573024,
            -0.03635949901381063,
            0.0,
            0.035714725780153084,
            -0.017214054635923525,
            -0.999213758254679,
            0.0,
            0.05260609722290817,
            -0.4012605621325585,
            0.14341086306324782,
            1.0
        ]
    },
    {
        "timestamp": "2024-07-12T15:26:50.655106",
        "attribute_name": "elbow",
        "values": [
            0.20160145591226464,
            -1.0
        ]
    },
    {
        "timestamp": "2024-07-12T15:26:50.655106",
        "attribute_name": "O_T_EE",
        "values": [
            -0.03928942502508065,
            -0.9990952162013126,
            0.015679188309961414,
            0.0,
            -0.9985783188234018,
            0.038697945592843896,
            -0.03639446501777929,
            0.0,
            0.03575547192294375,
            -0.017087144088193965,
            -0.9992144793458895,
            0.0,
            0.05265613160861275,
            -0.40124140171001943,
            0.1433820074192606,
            1.0
        ]
    },
    {
        "timestamp": "2024-07-12T15:26:50.655106",
        "attribute_name": "tau_J_d",
        "values": [
            0.0,
            0.0,
            0.0,
            0.0,
            0.0,
            0.0,
            0.0
        ]
    },
    {
        "timestamp": "2024-07-12T15:26:50.655106",
        "attribute_name": "q",
        "values": [
            -1.6390112159216625,
            -0.06828986787421679,
            0.20160145591226464,
            -2.7257466013649974,
            0.10497830070389641,
            2.6783332973831286,
            0.8640207359298235
        ]
    },
    {
        "timestamp": "2024-07-12T15:26:50.655106",
        "attribute_name": "q_d",
        "values": [
            -1.6390044621961157,
            -0.06837574825788799,
            0.20147740815875356,
            -2.725782479976033,
            0.10489012334654187,
            2.6784038455932504,
            0.8640319389197381
        ]
    },
    {
        "timestamp": "2024-07-12T15:26:50.655106",
        "attribute_name": "dq",
        "values": [
            -0.00010477820537151623,
            0.0008482047260546374,
            -0.003931032707028628,
            0.00040248392186492394,
            0.00019151358359577347,
            -0.0009607891247509987,
            0.002219312374867804
        ]
    },
    {
        "timestamp": "2024-07-12T15:26:50.655106",
        "attribute_name": "tau_J",
        "values": [
            -0.037866055965423584,
            -20.735586166381836,
            -0.4353741407394409,
            16.201242446899414,
            0.290549635887146,
            2.478221893310547,
            0.03191014751791954
        ]
    },
    {
        "timestamp": "2024-07-12T15:26:50.655106",
        "attribute_name": "dtau_J",
        "values": [
            -67.35871124267578,
            -120.13418579101562,
            78.69222259521484,
            -76.59918975830078,
            -24.226364135742188,
            -8.000164031982422,
            -66.74431610107422
        ]
    },
    {
        "timestamp": "2024-07-12T15:26:50.655106",
        "attribute_name": "ddq_d",
        "values": [
            0.0,
            0.0,
            0.0,
            0.0,
            0.0,
            0.0,
            0.0
        ]
    },
    {
        "timestamp": "2024-07-12T15:26:50.655106",
        "attribute_name": "delbow_c",
        "values": [
            0.0,
            0.0
        ]
    },
    {
        "timestamp": "2024-07-12T15:26:50.655106",
        "attribute_name": "elbow_c",
        "values": [
            0.20147740815875356,
            -1.0
        ]
    },
    {
        "timestamp": "2024-07-12T15:26:50.655106",
        "attribute_name": "elbow_d",
        "values": [
            0.20147740815875356,
            -1.0
        ]
    },
    {
        "timestamp": "2024-07-12T15:26:50.655106",
        "attribute_name": "F_T_EE",
        "values": [
            0.707099974155426,
            -0.707099974155426,
            0.0,
            0.0,
            0.707099974155426,
            0.707099974155426,
            0.0,
            0.0,
            0.0,
            0.0,
            1.0,
            0.0,
            0.0,
            0.0,
            0.10339999943971634,
            1.0
        ]
    },
    {
        "timestamp": "2024-07-12T15:26:50.655106",
        "attribute_name": "O_ddP_EE_c",
        "values": [
            0.0,
            0.0,
            0.0,
            0.0,
            0.0,
            0.0
        ]
    },
    {
        "timestamp": "2024-07-12T15:26:50.655106",
        "attribute_name": "O_dP_EE_d",
        "values": [
            0.0,
            0.0,
            0.0,
            0.0,
            0.0,
            0.0
        ]
    },
    {
        "timestamp": "2024-07-12T15:26:50.655106",
        "attribute_name": "O_T_EE",
        "values": [
            -0.03928942502508065,
            -0.9990952162013126,
            0.015679188309961414,
            0.0,
            -0.9985783188234018,
            0.038697945592843896,
            -0.03639446501777929,
            0.0,
            0.03575547192294375,
            -0.017087144088193965,
            -0.9992144793458895,
            0.0,
            0.05265613160861275,
            -0.40124140171001943,
            0.1433820074192606,
            1.0
        ]
    },
    {
        "timestamp": "2024-07-12T15:26:50.655106",
        "attribute_name": "O_F_ext_hat_K",
        "values": [
            -1.4817793524682055,
            0.19293594704460781,
            -0.7186037898551989,
            -0.047060430663122835,
            -0.138334071914714,
            -0.6656347461633548
        ]
    },
    {
        "timestamp": "2024-07-12T15:26:50.655106",
        "attribute_name": "m_ee",
        "values": 0.7300000190734863
    },
    {
        "timestamp": "2024-07-12T15:26:50.655106",
        "attribute_name": "tau_ext_hat_filtered",
        "values": [
            -0.5861651124566654,
            -0.005932431971211825,
            -0.7220594642592182,
            -0.15260608059038394,
            0.0044867442198829295,
            0.1954565056740086,
            0.07853445166869759
        ]
    },
    {
        "timestamp": "2024-07-12T15:26:50.655106",
        "attribute_name": "joint_contact",
        "values": [
            0.0,
            0.0,
            0.0,
            0.0,
            0.0,
            0.0,
            0.0
        ]
    },
    {
        "timestamp": "2024-07-12T15:26:50.655106",
        "attribute_name": "dq_d",
        "values": [
            0.0,
            0.0,
            0.0,
            0.0,
            0.0,
            0.0,
            0.0
        ]
    },
    {
        "timestamp": "2024-07-12T15:26:50.655106",
        "attribute_name": "EE_T_K",
        "values": [
            1.0,
            0.0,
            0.0,
            0.0,
            0.0,
            1.0,
            0.0,
            0.0,
            0.0,
            0.0,
            1.0,
            0.0,
            0.0,
            0.0,
            0.0,
            1.0
        ]
    },
    {
        "timestamp": "2024-07-12T15:26:50.655106",
        "attribute_name": "K_F_ext_hat_K",
        "values": [
            -0.14581305444755943,
            1.5133212960525104,
            0.6617608673760275,
            -0.025439389425522697,
            0.3116549155074598,
            0.0695558657200612
        ]
    },
    {
        "timestamp": "2024-07-12T15:26:50.655106",
        "attribute_name": "O_dP_EE_c",
        "values": [
            0.0,
            0.0,
            0.0,
            0.0,
            0.0,
            0.0
        ]
    },
    {
        "timestamp": "2024-07-12T15:26:50.655106",
        "attribute_name": "O_F_ext_hat_K",
        "values": [
            -1.4817793524682055,
            0.19293594704460781,
            -0.7186037898551989,
            -0.047060430663122835,
            -0.138334071914714,
            -0.6656347461633548
        ]
    },
    {
        "timestamp": "2024-07-12T15:26:50.655106",
        "attribute_name": "cartesian_contact",
        "values": [
            0.0,
            0.0,
            0.0,
            0.0,
            0.0,
            0.0
        ]
    },
    {
        "timestamp": "2024-07-12T15:26:50.655106",
        "attribute_name": "joint_collision",
        "values": [
            0.0,
            0.0,
            0.0,
            0.0,
            0.0,
            0.0,
            0.0
        ]
    },
    {
        "timestamp": "2024-07-12T15:26:50.655106",
        "attribute_name": "cartesian_collision",
        "values": [
            0.0,
            0.0,
            0.0,
            0.0,
            0.0,
            0.0
        ]
    },
    {
        "timestamp": "2024-07-12T15:26:50.655106",
        "attribute_name": "theta",
        "values": [
            -1.6390138864517212,
            -0.06974499672651291,
            0.20156827569007874,
            -2.724608898162842,
            0.10501058399677277,
            2.6786086559295654,
            0.86402428150177
        ]
    },
    {
        "timestamp": "2024-07-12T15:26:50.655106",
        "attribute_name": "control_command_success_rate",
        "values": 0.0
    },
    {
        "timestamp": "2024-07-12T15:26:50.655106",
        "attribute_name": "ddelbow_c",
        "values": [
            0.0,
            0.0
        ]
    },
    {
        "timestamp": "2024-07-12T15:26:50.655106",
        "attribute_name": "O_T_EE_d",
        "values": [
            -0.03934181759701761,
            -0.9990911602084289,
            0.015805754735114738,
            0.0,
            -0.9985777141564641,
            0.038746387221573024,
            -0.03635949901381063,
            0.0,
            0.035714725780153084,
            -0.017214054635923525,
            -0.999213758254679,
            0.0,
            0.05260609722290817,
            -0.4012605621325585,
            0.14341086306324782,
            1.0
        ]
    },
    {
        "timestamp": "2024-07-12T15:26:50.686149",
        "attribute_name": "elbow",
        "values": [
            0.2014964566709481,
            -1.0
        ]
    },
    {
        "timestamp": "2024-07-12T15:26:50.686149",
        "attribute_name": "O_T_EE",
        "values": [
            -0.03938663759769519,
            -0.999091286713442,
            0.01568567796541384,
            0.0,
            -0.9985743431137699,
            0.03879477314198329,
            -0.03640046363679149,
            0.0,
            0.03575955221579298,
            -0.017097336616968595,
            -0.9992141589799116,
            0.0,
            0.05261723070255077,
            -0.40124638033831694,
            0.14338527335909804,
            1.0
        ]
    },
    {
        "timestamp": "2024-07-12T15:26:50.686149",
        "attribute_name": "tau_J_d",
        "values": [
            0.0,
            0.0,
            0.0,
            0.0,
            0.0,
            0.0,
            0.0
        ]
    },
    {
        "timestamp": "2024-07-12T15:26:50.686149",
        "attribute_name": "q",
        "values": [
            -1.639005588427161,
            -0.06830075234156664,
            0.2014964566709481,
            -2.7257513275683736,
            0.10497830070389641,
            2.678333284853483,
            0.8640187538767027
        ]
    },
    {
        "timestamp": "2024-07-12T15:26:50.686149",
        "attribute_name": "q_d",
        "values": [
            -1.6390044621961157,
            -0.06837574825788799,
            0.20147740815875356,
            -2.725782479976033,
            0.10489012334654187,
            2.6784038455932504,
            0.8640319389197381
        ]
    },
    {
        "timestamp": "2024-07-12T15:26:50.686149",
        "attribute_name": "dq",
        "values": [
            -0.001316472892819809,
            -0.0018084473666110086,
            -0.0007421487329590589,
            -0.000187022609634044,
            8.152892797092614e-05,
            0.00024790267098736006,
            0.0018554447254657072
        ]
    },
    {
        "timestamp": "2024-07-12T15:26:50.686149",
        "attribute_name": "tau_J",
        "values": [
            -0.14895004034042358,
            -20.580862045288086,
            -0.6615093946456909,
            16.236948013305664,
            0.290549635887146,
            2.478221893310547,
            0.05296727642416954
        ]
    },
    {
        "timestamp": "2024-07-12T15:26:50.686149",
        "attribute_name": "dtau_J",
        "values": [
            93.16694641113281,
            167.6725616455078,
            86.82086944580078,
            -29.672733306884766,
            -11.311155319213867,
            -17.49697494506836,
            -30.18946647644043
        ]
    },
    {
        "timestamp": "2024-07-12T15:26:50.686149",
        "attribute_name": "ddq_d",
        "values": [
            0.0,
            0.0,
            0.0,
            0.0,
            0.0,
            0.0,
            0.0
        ]
    },
    {
        "timestamp": "2024-07-12T15:26:50.686149",
        "attribute_name": "delbow_c",
        "values": [
            0.0,
            0.0
        ]
    },
    {
        "timestamp": "2024-07-12T15:26:50.686149",
        "attribute_name": "elbow_c",
        "values": [
            0.20147740815875356,
            -1.0
        ]
    },
    {
        "timestamp": "2024-07-12T15:26:50.686149",
        "attribute_name": "elbow_d",
        "values": [
            0.20147740815875356,
            -1.0
        ]
    },
    {
        "timestamp": "2024-07-12T15:26:50.686149",
        "attribute_name": "F_T_EE",
        "values": [
            0.707099974155426,
            -0.707099974155426,
            0.0,
            0.0,
            0.707099974155426,
            0.707099974155426,
            0.0,
            0.0,
            0.0,
            0.0,
            1.0,
            0.0,
            0.0,
            0.0,
            0.10339999943971634,
            1.0
        ]
    },
    {
        "timestamp": "2024-07-12T15:26:50.686149",
        "attribute_name": "O_ddP_EE_c",
        "values": [
            0.0,
            0.0,
            0.0,
            0.0,
            0.0,
            0.0
        ]
    },
    {
        "timestamp": "2024-07-12T15:26:50.686149",
        "attribute_name": "O_dP_EE_d",
        "values": [
            0.0,
            0.0,
            0.0,
            0.0,
            0.0,
            0.0
        ]
    },
    {
        "timestamp": "2024-07-12T15:26:50.686149",
        "attribute_name": "O_T_EE",
        "values": [
            -0.03938663759769519,
            -0.999091286713442,
            0.01568567796541384,
            0.0,
            -0.9985743431137699,
            0.03879477314198329,
            -0.03640046363679149,
            0.0,
            0.03575955221579298,
            -0.017097336616968595,
            -0.9992141589799116,
            0.0,
            0.05261723070255077,
            -0.40124638033831694,
            0.14338527335909804,
            1.0
        ]
    },
    {
        "timestamp": "2024-07-12T15:26:50.686149",
        "attribute_name": "O_F_ext_hat_K",
        "values": [
            -0.915502604460434,
            0.13838539808091904,
            -0.7810095961610082,
            -0.004375962749967007,
            -0.011860373474559899,
            -0.4427260180406783
        ]
    },
    {
        "timestamp": "2024-07-12T15:26:50.686149",
        "attribute_name": "m_ee",
        "values": 0.7300000190734863
    },
    {
        "timestamp": "2024-07-12T15:26:50.686149",
        "attribute_name": "tau_ext_hat_filtered",
        "values": [
            -0.36629542458363984,
            0.022720797080151636,
            -0.500542491860756,
            -0.12078532390654863,
            -0.004096851624645828,
            0.19257816433857786,
            0.07923758063233764
        ]
    },
    {
        "timestamp": "2024-07-12T15:26:50.686149",
        "attribute_name": "joint_contact",
        "values": [
            0.0,
            0.0,
            0.0,
            0.0,
            0.0,
            0.0,
            0.0
        ]
    },
    {
        "timestamp": "2024-07-12T15:26:50.686149",
        "attribute_name": "dq_d",
        "values": [
            0.0,
            0.0,
            0.0,
            0.0,
            0.0,
            0.0,
            0.0
        ]
    },
    {
        "timestamp": "2024-07-12T15:26:50.686149",
        "attribute_name": "EE_T_K",
        "values": [
            1.0,
            0.0,
            0.0,
            0.0,
            0.0,
            1.0,
            0.0,
            0.0,
            0.0,
            0.0,
            1.0,
            0.0,
            0.0,
            0.0,
            0.0,
            1.0
        ]
    },
    {
        "timestamp": "2024-07-12T15:26:50.686149",
        "attribute_name": "K_F_ext_hat_K",
        "values": [
            -0.11445394473577267,
            0.9480134055935332,
            0.7452918618615021,
            -0.06780880508995706,
            0.30353343562044477,
            0.07060827726334958
        ]
    },
    {
        "timestamp": "2024-07-12T15:26:50.686149",
        "attribute_name": "O_dP_EE_c",
        "values": [
            0.0,
            0.0,
            0.0,
            0.0,
            0.0,
            0.0
        ]
    },
    {
        "timestamp": "2024-07-12T15:26:50.686149",
        "attribute_name": "O_F_ext_hat_K",
        "values": [
            -0.915502604460434,
            0.13838539808091904,
            -0.7810095961610082,
            -0.004375962749967007,
            -0.011860373474559899,
            -0.4427260180406783
        ]
    },
    {
        "timestamp": "2024-07-12T15:26:50.686149",
        "attribute_name": "cartesian_contact",
        "values": [
            0.0,
            0.0,
            0.0,
            0.0,
            0.0,
            0.0
        ]
    },
    {
        "timestamp": "2024-07-12T15:26:50.686149",
        "attribute_name": "joint_collision",
        "values": [
            0.0,
            0.0,
            0.0,
            0.0,
            0.0,
            0.0,
            0.0
        ]
    },
    {
        "timestamp": "2024-07-12T15:26:50.686149",
        "attribute_name": "cartesian_collision",
        "values": [
            0.0,
            0.0,
            0.0,
            0.0,
            0.0,
            0.0
        ]
    },
    {
        "timestamp": "2024-07-12T15:26:50.686149",
        "attribute_name": "theta",
        "values": [
            -1.639017105102539,
            -0.06974499672651291,
            0.20145003497600555,
            -2.72461199760437,
            0.10501058399677277,
            2.6786086559295654,
            0.86402428150177
        ]
    },
    {
        "timestamp": "2024-07-12T15:26:50.686149",
        "attribute_name": "control_command_success_rate",
        "values": 0.0
    },
    {
        "timestamp": "2024-07-12T15:26:50.686149",
        "attribute_name": "ddelbow_c",
        "values": [
            0.0,
            0.0
        ]
    },
    {
        "timestamp": "2024-07-12T15:26:50.686149",
        "attribute_name": "O_T_EE_d",
        "values": [
            -0.03934181759701761,
            -0.9990911602084289,
            0.015805754735114738,
            0.0,
            -0.9985777141564641,
            0.038746387221573024,
            -0.03635949901381063,
            0.0,
            0.035714725780153084,
            -0.017214054635923525,
            -0.999213758254679,
            0.0,
            0.05260609722290817,
            -0.4012605621325585,
            0.14341086306324782,
            1.0
        ]
    },
    {
        "timestamp": "2024-07-12T15:26:50.733988",
        "attribute_name": "elbow",
        "values": [
            0.2014964566709481,
            -1.0
        ]
    },
    {
        "timestamp": "2024-07-12T15:26:50.733988",
        "attribute_name": "O_T_EE",
        "values": [
            -0.03938663759769519,
            -0.999091286713442,
            0.01568567796541384,
            0.0,
            -0.9985743431137699,
            0.03879477314198329,
            -0.03640046363679149,
            0.0,
            0.03575955221579298,
            -0.017097336616968595,
            -0.9992141589799116,
            0.0,
            0.05261723070255077,
            -0.40124638033831694,
            0.14338527335909804,
            1.0
        ]
    },
    {
        "timestamp": "2024-07-12T15:26:50.733988",
        "attribute_name": "tau_J_d",
        "values": [
            0.0,
            0.0,
            0.0,
            0.0,
            0.0,
            0.0,
            0.0
        ]
    },
    {
        "timestamp": "2024-07-12T15:26:50.733988",
        "attribute_name": "q",
        "values": [
            -1.6390065362144417,
            -0.06830893549518209,
            0.20148847370278636,
            -2.7257620091097468,
            0.10497830070389641,
            2.6783332979413457,
            0.8640183962508529
        ]
    },
    {
        "timestamp": "2024-07-12T15:26:50.733988",
        "attribute_name": "q_d",
        "values": [
            -1.6390044621961157,
            -0.06837574825788799,
            0.20147740815875356,
            -2.725782479976033,
            0.10489012334654187,
            2.6784038455932504,
            0.8640319389197381
        ]
    },
    {
        "timestamp": "2024-07-12T15:26:50.733988",
        "attribute_name": "dq",
        "values": [
            0.0006622588172647208,
            8.620871869583979e-05,
            -0.0014994644500910745,
            -0.0033834594528236463,
            -0.00017992646801217658,
            0.00225033145405728,
            0.0011246670251588273
        ]
    },
    {
        "timestamp": "2024-07-12T15:26:50.733988",
        "attribute_name": "tau_J",
        "values": [
            -0.14895004034042358,
            -20.505483627319336,
            -0.5464581251144409,
            16.387704849243164,
            0.290549635887146,
            2.478221893310547,
            0.05296727642416954
        ]
    },
    {
        "timestamp": "2024-07-12T15:26:50.733988",
        "attribute_name": "dtau_J",
        "values": [
            -164.28997802734375,
            -61.35359191894531,
            101.0487289428711,
            -15.815715789794922,
            -13.543375968933105,
            18.754375457763672,
            -28.35713005065918
        ]
    },
    {
        "timestamp": "2024-07-12T15:26:50.733988",
        "attribute_name": "ddq_d",
        "values": [
            0.0,
            0.0,
            0.0,
            0.0,
            0.0,
            0.0,
            0.0
        ]
    },
    {
        "timestamp": "2024-07-12T15:26:50.733988",
        "attribute_name": "delbow_c",
        "values": [
            0.0,
            0.0
        ]
    },
    {
        "timestamp": "2024-07-12T15:26:50.733988",
        "attribute_name": "elbow_c",
        "values": [
            0.20147740815875356,
            -1.0
        ]
    },
    {
        "timestamp": "2024-07-12T15:26:50.733988",
        "attribute_name": "elbow_d",
        "values": [
            0.20147740815875356,
            -1.0
        ]
    },
    {
        "timestamp": "2024-07-12T15:26:50.733988",
        "attribute_name": "F_T_EE",
        "values": [
            0.707099974155426,
            -0.707099974155426,
            0.0,
            0.0,
            0.707099974155426,
            0.707099974155426,
            0.0,
            0.0,
            0.0,
            0.0,
            1.0,
            0.0,
            0.0,
            0.0,
            0.10339999943971634,
            1.0
        ]
    },
    {
        "timestamp": "2024-07-12T15:26:50.733988",
        "attribute_name": "O_ddP_EE_c",
        "values": [
            0.0,
            0.0,
            0.0,
            0.0,
            0.0,
            0.0
        ]
    },
    {
        "timestamp": "2024-07-12T15:26:50.733988",
        "attribute_name": "O_dP_EE_d",
        "values": [
            0.0,
            0.0,
            0.0,
            0.0,
            0.0,
            0.0
        ]
    },
    {
        "timestamp": "2024-07-12T15:26:50.733988",
        "attribute_name": "O_T_EE",
        "values": [
            -0.03938663759769519,
            -0.999091286713442,
            0.01568567796541384,
            0.0,
            -0.9985743431137699,
            0.03879477314198329,
            -0.03640046363679149,
            0.0,
            0.03575955221579298,
            -0.017097336616968595,
            -0.9992141589799116,
            0.0,
            0.05261723070255077,
            -0.40124638033831694,
            0.14338527335909804,
            1.0
        ]
    },
    {
        "timestamp": "2024-07-12T15:26:50.733988",
        "attribute_name": "O_F_ext_hat_K",
        "values": [
            -0.8007487522388973,
            0.018072554480550847,
            -0.8824156828832571,
            0.07042824856321563,
            0.019651639547632365,
            -0.4030639504346856
        ]
    },
    {
        "timestamp": "2024-07-12T15:26:50.733988",
        "attribute_name": "m_ee",
        "values": 0.7300000190734863
    },
    {
        "timestamp": "2024-07-12T15:26:50.733988",
        "attribute_name": "tau_ext_hat_filtered",
        "values": [
            -0.3270612851617163,
            0.05783222891312864,
            -0.4608181254262244,
            -0.10452372156043102,
            -0.006011292220725916,
            0.1917302718959806,
            0.07968137176925039
        ]
    },
    {
        "timestamp": "2024-07-12T15:26:50.733988",
        "attribute_name": "joint_contact",
        "values": [
            0.0,
            0.0,
            0.0,
            0.0,
            0.0,
            0.0,
            0.0
        ]
    },
    {
        "timestamp": "2024-07-12T15:26:50.733988",
        "attribute_name": "dq_d",
        "values": [
            0.0,
            0.0,
            0.0,
            0.0,
            0.0,
            0.0,
            0.0
        ]
    },
    {
        "timestamp": "2024-07-12T15:26:50.733988",
        "attribute_name": "EE_T_K",
        "values": [
            1.0,
            0.0,
            0.0,
            0.0,
            0.0,
            1.0,
            0.0,
            0.0,
            0.0,
            0.0,
            1.0,
            0.0,
            0.0,
            0.0,
            0.0,
            1.0
        ]
    },
    {
        "timestamp": "2024-07-12T15:26:50.733988",
        "attribute_name": "K_F_ext_hat_K",
        "values": [
            -0.00034964696132148813,
            0.8324432325018554,
            0.8527802195805761,
            -0.07818869522271574,
            0.2870689368082656,
            0.07110033872445912
        ]
    },
    {
        "timestamp": "2024-07-12T15:26:50.733988",
        "attribute_name": "O_dP_EE_c",
        "values": [
            0.0,
            0.0,
            0.0,
            0.0,
            0.0,
            0.0
        ]
    },
    {
        "timestamp": "2024-07-12T15:26:50.733988",
        "attribute_name": "O_F_ext_hat_K",
        "values": [
            -0.8007487522388973,
            0.018072554480550847,
            -0.8824156828832571,
            0.07042824856321563,
            0.019651639547632365,
            -0.4030639504346856
        ]
    },
    {
        "timestamp": "2024-07-12T15:26:50.733988",
        "attribute_name": "cartesian_contact",
        "values": [
            0.0,
            0.0,
            0.0,
            0.0,
            0.0,
            0.0
        ]
    },
    {
        "timestamp": "2024-07-12T15:26:50.733988",
        "attribute_name": "joint_collision",
        "values": [
            0.0,
            0.0,
            0.0,
            0.0,
            0.0,
            0.0,
            0.0
        ]
    },
    {
        "timestamp": "2024-07-12T15:26:50.733988",
        "attribute_name": "cartesian_collision",
        "values": [
            0.0,
            0.0,
            0.0,
            0.0,
            0.0,
            0.0
        ]
    },
    {
        "timestamp": "2024-07-12T15:26:50.733988",
        "attribute_name": "theta",
        "values": [
            -1.639017105102539,
            -0.06974819302558899,
            0.20145003497600555,
            -2.72461199760437,
            0.10501058399677277,
            2.6786086559295654,
            0.86402428150177
        ]
    },
    {
        "timestamp": "2024-07-12T15:26:50.733988",
        "attribute_name": "control_command_success_rate",
        "values": 0.0
    },
    {
        "timestamp": "2024-07-12T15:26:50.733988",
        "attribute_name": "ddelbow_c",
        "values": [
            0.0,
            0.0
        ]
    },
    {
        "timestamp": "2024-07-12T15:26:50.733988",
        "attribute_name": "O_T_EE_d",
        "values": [
            -0.03934181759701761,
            -0.9990911602084289,
            0.015805754735114738,
            0.0,
            -0.9985777141564641,
            0.038746387221573024,
            -0.03635949901381063,
            0.0,
            0.035714725780153084,
            -0.017214054635923525,
            -0.999213758254679,
            0.0,
            0.05260609722290817,
            -0.4012605621325585,
            0.14341086306324782,
            1.0
        ]
    },
    {
        "timestamp": "2024-07-12T15:26:50.792757",
        "attribute_name": "elbow",
        "values": [
            0.2014043694361953,
            -1.0
        ]
    },
    {
        "timestamp": "2024-07-12T15:26:50.792757",
        "attribute_name": "O_T_EE",
        "values": [
            -0.0395374798897477,
            -0.9990851307695157,
            0.015698282085503557,
            0.0,
            -0.9985683353830845,
            0.03894501158760675,
            -0.03640484231397674,
            0.0,
            0.03576085537345897,
            -0.01711549265764465,
            -0.9992138015129918,
            0.0,
            0.05255646203998071,
            -0.4012530952791151,
            0.14339163859892864,
            1.0
        ]
    },
    {
        "timestamp": "2024-07-12T15:26:50.792757",
