timestamp,col1,col2,col3,col4,col5,col6,col7,col8,col9,col10,col11,col12,col13,col14,col15,col16,col17,col18,col19,col20,col21,col22,col23,col24,col25,col26,col27,col28,col29,col30,col31,col32,col33,col34,col35,col36,col37,col38
2024-07-12T15:26:50.632971,-0.03918724018697117,-0.9990993621012508,0.01567072929416274,0.0,-0.9985824942000731,0.038596228107785444,-0.03638791494743087,0.0,0.03575099988725262,-0.01707478665000147,-0.9992148506041725,0.0,0.05269327499016496,-0.4012325547351687,0.14337864323338728,1.0
2024-07-12T15:26:50.632971,-0.03918724018697117,-0.9990993621012508,0.01567072929416274,0.0,-0.9985824942000731,0.038596228107785444,-0.03638791494743087,0.0,0.03575099988725262,-0.01707478665000147,-0.9992148506041725,0.0,0.05269327499016496,-0.4012325547351687,0.14337864323338728,1.0
2024-07-12T15:26:50.655106,-0.03928942502508065,-0.9990952162013126,0.015679188309961414,0.0,-0.9985783188234018,0.038697945592843896,-0.03639446501777929,0.0,0.03575547192294375,-0.017087144088193965,-0.9992144793458895,0.0,0.05265613160861275,-0.40124140171001943,0.1433820074192606,1.0
2024-07-12T15:26:50.655106,-0.03928942502508065,-0.9990952162013126,0.015679188309961414,0.0,-0.9985783188234018,0.038697945592843896,-0.03639446501777929,0.0,0.03575547192294375,-0.017087144088193965,-0.9992144793458895,0.0,0.05265613160861275,-0.40124140171001943,0.1433820074192606,1.0
2024-07-12T15:26:50.686149,-0.03938663759769519,-0.999091286713442,0.01568567796541384,0.0,-0.9985743431137699,0.03879477314198329,-0.03640046363679149,0.0,0.03575955221579298,-0.017097336616968595,-0.9992141589799116,0.0,0.05261723070255077,-0.40124638033831694,0.14338527335909804,1.0
2024-07-12T15:26:50.686149,-0.03938663759769519,-0.999091286713442,0.01568567796541384,0.0,-0.9985743431137699,0.03879477314198329,-0.03640046363679149,0.0,0.03575955221579298,-0.017097336616968595,-0.9992141589799116,0.0,0.05261723070255077,-0.40124638033831694,0.14338527335909804,1.0
2024-07-12T15:26:50.733988,-0.03938663759769519,-0.999091286713442,0.01568567796541384,0.0,-0.9985743431137699,0.03879477314198329,-0.03640046363679149,0.0,0.03575955221579298,-0.017097336616968595,-0.9992141589799116,0.0,0.05261723070255077,-0.40124638033831694,0.14338527335909804,1.0
2024-07-12T15:26:50.733988,-0.03938663759769519,-0.999091286713442,0.01568567796541384,0.0,-0.9985743431137699,0.03879477314198329,-0.03640046363679149,0.0,0.03575955221579298,-0.017097336616968595,-0.9992141589799116,0.0,0.05261723070255077,-0.40124638033831694,0.14338527335909804,1.0
2024-07-12T15:26:50.792757,-0.0395374798897477,-0.9990851307695157,0.015698282085503557,0.0,-0.9985683353830845,0.03894501158760675,-0.03640484231397674,0.0,0.03576085537345897,-0.01711549265764465,-0.9992138015129918,0.0,0.05255646203998071,-0.4012530952791151,0.14339163859892864,1.0
2024-07-12T15:26:50.792757,-0.0395374798897477,-0.9990851307695157,0.015698282085503557,0.0,-0.9985683353830845,0.03894501158760675,-0.03640484231397674,0.0,0.03576085537345897,-0.01711549265764465,-0.9992138015129918,0.0,0.05255646203998071,-0.4012530952791151,0.14339163859892864,1.0
2024-07-12T15:26:50.877914,-0.039566845750104246,-0.999084304114291,0.015676890350405915,0.0,-0.9985670171839459,0.038975058997182004,-0.03640884329021828,0.0,0.03576518472654942,-0.017095337860557048,-0.9992139915878426,0.0,0.05254692082342425,-0.40125032735823846,0.14338412240729392,1.0
2024-07-12T15:26:50.877914,-0.039566845750104246,-0.999084304114291,0.015676890350405915,0.0,-0.9985670171839459,0.038975058997182004,-0.03640884329021828,0.0,0.03576518472654942,-0.017095337860557048,-0.9992139915878426,0.0,0.05254692082342425,-0.40125032735823846,0.14338412240729392,1.0
2024-07-12T15:26:50.997629,-0.03939979974086875,-0.9990906420600701,0.015693681199285776,0.0,-0.9985736902200432,0.03880756909739902,-0.036404734338876546,0.0,0.03576328434116714,-0.017105965733727097,-0.9992138777206055,0.0,0.05261080785634374,-0.4012521798836153,0.14338724945095854,1.0
2024-07-12T15:26:50.997629,-0.03939979974086875,-0.9990906420600701,0.015693681199285776,0.0,-0.9985736902200432,0.03880756909739902,-0.036404734338876546,0.0,0.03576328434116714,-0.017105965733727097,-0.9992138777206055,0.0,0.05261080785634374,-0.4012521798836153,0.14338724945095854,1.0
2024-07-12T15:26:51.110534,-0.03935112762960804,-0.9990926196578406,0.01568990123358628,0.0,-0.9985757337520581,0.0387591336159309,-0.036400280549597645,0.0,0.035759813159460065,-0.017100275955788845,-0.9992140993425964,0.0,0.05262925984104655,-0.40124568260987686,0.14338583120398948,1.0
2024-07-12T15:26:51.110534,-0.03935112762960804,-0.9990926196578406,0.01568990123358628,0.0,-0.9985757337520581,0.0387591336159309,-0.036400280549597645,0.0,0.035759813159460065,-0.017100275955788845,-0.9992140993425964,0.0,0.05262925984104655,-0.40124568260987686,0.14338583120398948,1.0
2024-07-12T15:26:51.239495,-0.039482199494401515,-0.9990874806418101,0.015687856739966647,0.0,-0.9985705236159921,0.038890156355167904,-0.036403461444789655,0.0,0.03576082788677355,-0.01710304933298947,-0.9992140155604134,0.0,0.05257592867250237,-0.40124857822335597,0.14338731559391713,1.0
2024-07-12T15:26:51.239495,-0.039482199494401515,-0.9990874806418101,0.015687856739966647,0.0,-0.9985705236159921,0.038890156355167904,-0.036403461444789655,0.0,0.03576082788677355,-0.01710304933298947,-0.9992140155604134,0.0,0.05257592867250237,-0.40124857822335597,0.14338731559391713,1.0
2024-07-12T15:26:51.386261,-0.0394382961933573,-0.9990892752396602,0.01568399807650584,0.0,-0.9985721627245967,0.038846383431769695,-0.036405236258008025,0.0,0.035763503063176355,-0.017097693553540516,-0.9992140114729174,0.0,0.052597760509728864,-0.4012501099477134,0.14338431968834964,1.0
2024-07-12T15:26:51.386261,-0.0394382961933573,-0.9990892752396602,0.01568399807650584,0.0,-0.9985721627245967,0.038846383431769695,-0.036405236258008025,0.0,0.035763503063176355,-0.017097693553540516,-0.9992140114729174,0.0,0.052597760509728864,-0.4012501099477134,0.14338431968834964,1.0
2024-07-12T15:26:51.541382,-0.03942515561061187,-0.9990899807283226,0.015672090306257637,0.0,-0.9985727951931124,0.03883374165417058,-0.03640137511907501,0.0,0.0357603317572672,-0.017085181844842322,-0.9992143389853544,0.0,0.05259990049542177,-0.4012432490735185,0.1433807786515518,1.0
2024-07-12T15:26:51.541382,-0.03942515561061187,-0.9990899807283226,0.015672090306257637,0.0,-0.9985727951931124,0.03883374165417058,-0.03640137511907501,0.0,0.0357603317572672,-0.017085181844842322,-0.9992143389853544,0.0,0.05259990049542177,-0.4012432490735185,0.1433807786515518,1.0
2024-07-12T15:26:51.706739,-0.039469330237806695,-0.9990880500643988,0.015683975589893165,0.0,-0.9985709509906425,0.03887740003758591,-0.03640536368681259,0.0,0.03576310017505563,-0.017098786946530335,-0.999214007183059,0.0,0.05258308980712533,-0.40124978373556497,0.14338500209771196,1.0
2024-07-12T15:26:51.706739,-0.039469330237806695,-0.9990880500643988,0.015683975589893165,0.0,-0.9985709509906425,0.03887740003758591,-0.03640536368681259,0.0,0.03576310017505563,-0.017098786946530335,-0.999214007183059,0.0,0.05258308980712533,-0.40124978373556497,0.14338500209771196,1.0
2024-07-12T15:26:51.890097,-0.03943064050817253,-0.9990896173689671,0.015681452606657088,0.0,-0.9985726033609537,0.03883889281823595,-0.036401141778652696,0.0,0.0357596410383051,-0.017094718415774476,-0.9992142005971978,0.0,0.052597262701491364,-0.40124623510395624,0.14338443852060373,1.0
2024-07-12T15:26:51.890097,-0.03943064050817253,-0.9990896173689671,0.015681452606657088,0.0,-0.9985726033609537,0.03883889281823595,-0.036401141778652696,0.0,0.0357596410383051,-0.017094718415774476,-0.9992142005971978,0.0,0.052597262701491364,-0.40124623510395624,0.14338443852060373,1.0
2024-07-12T15:26:52.092728,-0.03946517772068428,-0.9990882534595745,0.0156814682915874,0.0,-0.9985711495108938,0.03887335869208575,-0.03640423395289511,0.0,0.035762139708823096,-0.017096090533405463,-0.999214087696886,0.0,0.05258747228900323,-0.401246817091748,0.1433840528351257,1.0
2024-07-12T15:26:52.092728,-0.03946517772068428,-0.9990882534595745,0.0156814682915874,0.0,-0.9985711495108938,0.03887335869208575,-0.03640423395289511,0.0,0.035762139708823096,-0.017096090533405463,-0.999214087696886,0.0,0.05258747228900323,-0.401246817091748,0.1433840528351257,1.0
2024-07-12T15:26:52.311273,-0.03942922532895342,-0.999089667710499,0.01568180363642873,0.0,-0.9985725884476191,0.038837432154123705,-0.0364031092889624,0.0,0.035761617900316706,-0.017095094781133604,-0.9992141234087796,0.0,0.05259741503039883,-0.4012462868978857,0.1433838221965491,1.0
2024-07-12T15:26:52.311273,-0.03942922532895342,-0.999089667710499,0.01568180363642873,0.0,-0.9985725884476191,0.038837432154123705,-0.0364031092889624,0.0,0.035761617900316706,-0.017095094781133604,-0.9992141234087796,0.0,0.05259741503039883,-0.4012462868978857,0.1433838221965491,1.0
2024-07-12T15:26:52.544556,-0.03945259509288381,-0.999088766175103,0.01568046378000308,0.0,-0.9985716786749862,0.03886083814044804,-0.03640308652368068,0.0,0.03576124734981593,-0.017094592395826176,-0.9992141452655711,0.0,0.05259018310118226,-0.40124617991086947,0.14338397355621207,1.0
2024-07-12T15:26:52.544556,-0.03945259509288381,-0.999088766175103,0.01568046378000308,0.0,-0.9985716786749862,0.03886083814044804,-0.03640308652368068,0.0,0.03576124734981593,-0.017094592395826176,-0.9992141452655711,0.0,0.05259018310118226,-0.40124617991086947,0.14338397355621207,1.0
2024-07-12T15:26:52.792383,-0.03944588754927444,-0.9990889968053852,0.015682643880014994,0.0,-0.9985719158988622,0.03885404332625186,-0.036403832167584145,0.0,0.03576202256515241,-0.01709655837739877,-0.9992140838847788,0.0,0.05259365274843343,-0.40124770678006744,0.14338450975756073,1.0
2024-07-12T15:26:52.792383,-0.03944588754927444,-0.9990889968053852,0.015682643880014994,0.0,-0.9985719158988622,0.03885404332625186,-0.036403832167584145,0.0,0.03576202256515241,-0.01709655837739877,-0.9992140838847788,0.0,0.05259365274843343,-0.40124770678006744,0.14338450975756073,1.0
2024-07-12T15:26:53.051671,-0.03944553067271974,-0.9990890308274109,0.015681374031019133,0.0,-0.9985719677564178,0.03885375105912921,-0.036402721614176084,0.0,0.03576096816357386,-0.017095234331517124,-0.9992141442749667,0.0,0.05259178121731622,-0.40124614673361314,0.1433838274477042,1.0
2024-07-12T15:26:53.051671,-0.03944553067271974,-0.9990890308274109,0.015681374031019133,0.0,-0.9985719677564178,0.03885375105912921,-0.036402721614176084,0.0,0.03576096816357386,-0.017095234331517124,-0.9992141442749667,0.0,0.05259178121731622,-0.40124614673361314,0.1433838274477042,1.0
2024-07-12T15:26:53.327030,-0.03945179828519402,-0.9990889718188423,0.015669361928347558,0.0,-0.9985716684450279,0.038860426560927724,-0.03640380649910445,0.0,0.0357624120542615,-0.017083505425492623,-0.999214293195628,0.0,0.05259012566507337,-0.4012440604408586,0.1433802864084999,1.0
2024-07-12T15:26:53.327030,-0.03945179828519402,-0.9990889718188423,0.015669361928347558,0.0,-0.9985716684450279,0.038860426560927724,-0.03640380649910445,0.0,0.0357624120542615,-0.017083505425492623,-0.999214293195628,0.0,0.05259012566507337,-0.4012440604408586,0.1433802864084999,1.0
2024-07-12T15:26:53.611055,-0.039442496418658796,-0.9990892555709271,0.015674685968242525,0.0,-0.9985720896681924,0.038850963931788315,-0.03640235210090445,0.0,0.0357609107106759,-0.01708843256985185,-0.9992142626771541,0.0,0.05259428570155416,-0.40124451946212664,0.1433819070460225,1.0
2024-07-12T15:26:53.611055,-0.039442496418658796,-0.9990892555709271,0.015674685968242525,0.0,-0.9985720896681924,0.038850963931788315,-0.03640235210090445,0.0,0.0357609107106759,-0.01708843256985185,-0.9992142626771541,0.0,0.05259428570155416,-0.40124451946212664,0.1433819070460225,1.0
2024-07-12T15:26:53.926613,-0.03945032512750462,-0.9990888625575852,0.015680033862615562,0.0,-0.9985717531669814,0.03885857841871312,-0.03640345535119373,0.0,0.03576167149752576,-0.01709409616760112,-0.9992141385748681,0.0,0.0525925962750335,-0.4012466407324944,0.14338361124388746,1.0
2024-07-12T15:26:53.926613,-0.03945032512750462,-0.9990888625575852,0.015680033862615562,0.0,-0.9985717531669814,0.03885857841871312,-0.03640345535119373,0.0,0.03576167149752576,-0.01709409616760112,-0.9992141385748681,0.0,0.0525925962750335,-0.4012466407324944,0.14338361124388746,1.0
2024-07-12T15:26:54.261879,-0.03943990522017407,-0.9990893187509278,0.015677178803573784,0.0,-0.9985721692302124,0.03884827311636141,-0.03640304130087058,0.0,0.03576154693048939,-0.017090855995865812,-0.9992141984592029,0.0,0.052592394915965804,-0.401246047541836,0.1433826836207871,1.0
2024-07-12T15:26:54.261879,-0.03943990522017407,-0.9990893187509278,0.015677178803573784,0.0,-0.9985721692302124,0.03884827311636141,-0.03640304130087058,0.0,0.03576154693048939,-0.017090855995865812,-0.9992141984592029,0.0,0.052592394915965804,-0.401246047541836,0.1433826836207871,1.0
2024-07-12T15:26:54.599028,-0.03944420488792568,-0.9990892174737386,0.015672814989028342,0.0,-0.9985719981605045,0.038852727708343866,-0.036402979830877105,0.0,0.03576158154101369,-0.017086649746329726,-0.9992142691565867,0.0,0.052592704038444404,-0.4012443954987611,0.14338077502597207,1.0
2024-07-12T15:26:54.599028,-0.03944420488792568,-0.9990892174737386,0.015672814989028342,0.0,-0.9985719981605045,0.038852727708343866,-0.036402979830877105,0.0,0.03576158154101369,-0.017086649746329726,-0.9992142691565867,0.0,0.052592704038444404,-0.4012443954987611,0.14338077502597207,1.0
2024-07-12T15:26:54.958845,-0.03944299048757274,-0.9990891690416925,0.015678957433009302,0.0,-0.9985720623830897,0.03885129825309717,-0.03640274375978092,0.0,0.03576112767479376,-0.017092731023774347,-0.9992141813913451,0.0,0.052593245107736025,-0.4012462241120276,0.14338274519645167,1.0
2024-07-12T15:26:54.958845,-0.03944299048757274,-0.9990891690416925,0.015678957433009302,0.0,-0.9985720623830897,0.03885129825309717,-0.03640274375978092,0.0,0.03576112767479376,-0.017092731023774347,-0.9992141813913451,0.0,0.052593245107736025,-0.4012462241120276,0.14338274519645167,1.0
2024-07-12T15:26:55.332964,-0.03944836222723034,-0.9990889707043228,0.01567808138053279,0.0,-0.9985718532099344,0.038856699003497995,-0.03640271721502841,0.0,0.035761043294947004,-0.01709204742856635,-0.9992141961046973,0.0,0.05259110094498624,-0.4012456066265286,0.1433828772420264,1.0
2024-07-12T15:26:55.332964,-0.03944836222723034,-0.9990889707043228,0.01567808138053279,0.0,-0.9985718532099344,0.038856699003497995,-0.03640271721502841,0.0,0.035761043294947004,-0.01709204742856635,-0.9992141961046973,0.0,0.05259110094498624,-0.4012456066265286,0.1433828772420264,1.0
2024-07-12T15:26:55.720320,-0.04434118954801278,-0.9988947963710333,0.014959665556004044,0.0,-0.9983620554962451,0.043769696626379,-0.036580960946308076,0.0,0.03588644243772228,-0.01655752456085339,-0.9992187006004144,0.0,0.050724285860962434,-0.4011070810928896,0.14314303237793974,1.0
2024-07-12T15:26:55.720320,-0.04434118954801278,-0.9988947963710333,0.014959665556004044,0.0,-0.9983620554962451,0.043769696626379,-0.036580960946308076,0.0,0.03588644243772228,-0.01655752456085339,-0.9992187006004144,0.0,0.050724285860962434,-0.4011070810928896,0.14314303237793974,1.0
2024-07-12T15:26:56.123800,-0.03942574669515794,-0.9990879917388295,0.01579690355766548,0.0,-0.9985728866907704,0.03882983970631704,-0.03640302756162198,0.0,0.03575712490221212,-0.017209907473983876,-0.9992123133265844,0.0,0.052601968184440115,-0.40127262567590805,0.1434157531547509,1.0
2024-07-12T15:26:56.123800,-0.03942574669515794,-0.9990879917388295,0.01579690355766548,0.0,-0.9985728866907704,0.03882983970631704,-0.03640302756162198,0.0,0.03575712490221212,-0.017209907473983876,-0.9992123133265844,0.0,0.052601968184440115,-0.40127262567590805,0.1434157531547509,1.0
2024-07-12T15:26:56.543142,-0.039595980732226616,-0.9990811640805435,0.015802936136282874,0.0,-0.9985660186059593,0.03899965184894474,-0.036409896213971005,0.0,0.03576082099261921,-0.017222292151335205,-0.9992119676700175,0.0,0.052532181064880695,-0.40127333326756676,0.1434195847972194,1.0
2024-07-12T15:26:56.543142,-0.039595980732226616,-0.9990811640805435,0.015802936136282874,0.0,-0.9985660186059593,0.03899965184894474,-0.036409896213971005,0.0,0.03576082099261921,-0.017222292151335205,-0.9992119676700175,0.0,0.052532181064880695,-0.40127333326756676,0.1434195847972194,1.0
2024-07-12T15:26:56.976950,-0.039456069475078306,-0.9990863334231775,0.015826049722441206,0.0,-0.9985716219375531,0.038859043495428,-0.03640655848653146,0.0,0.035758998347867915,-0.017240235769158,-0.9992117234639418,0.0,0.05258523012039932,-0.40127667426701497,0.14342818822062048,1.0
2024-07-12T15:26:56.976950,-0.039456069475078306,-0.9990863334231775,0.015826049722441206,0.0,-0.9985716219375531,0.038859043495428,-0.03640655848653146,0.0,0.035758998347867915,-0.017240235769158,-0.9992117234639418,0.0,0.05258523012039932,-0.40127667426701497,0.14342818822062048,1.0
2024-07-12T15:26:57.475197,-0.0394561861678441,-0.999086563472873,0.015811228992774654,0.0,-0.9985716096861937,0.03885969647370698,-0.03640619754799044,0.0,0.03575921171343663,-0.017225425737372308,-0.9992119712482432,0.0,0.05258599264876754,-0.40127263986050205,0.14342272327128183,1.0
2024-07-12T15:26:57.475197,-0.0394561861678441,-0.999086563472873,0.015811228992774654,0.0,-0.9985716096861937,0.03885969647370698,-0.03640619754799044,0.0,0.03575921171343663,-0.017225425737372308,-0.9992119712482432,0.0,0.05258599264876754,-0.40127263986050205,0.14342272327128183,1.0
2024-07-12T15:26:57.936626,-0.03949938463789008,-0.9990848860109784,0.015809366175358303,0.0,-0.9985698664394153,0.038902910646642426,-0.03640786018974511,0.0,0.035760200982557465,-0.017225176381719227,-0.9992119401429838,0.0,0.052568305455760515,-0.4012750172155698,0.1434213063919741,1.0
2024-07-12T15:26:57.936626,-0.03949938463789008,-0.9990848860109784,0.015809366175358303,0.0,-0.9985698664394153,0.038902910646642426,-0.03640786018974511,0.0,0.035760200982557465,-0.017225176381719227,-0.9992119401429838,0.0,0.052568305455760515,-0.4012750172155698,0.1434213063919741,1.0
2024-07-12T15:26:58.417455,-0.0394740908424043,-0.9990860664878364,0.015797936676555286,0.0,-0.9985709700616976,0.038878103691991565,-0.03640408911871501,0.0,0.03575731282053525,-0.017212710671007218,-0.9992122583171259,0.0,0.05258119435260489,-0.4012675799502272,0.1434191087984692,1.0
2024-07-12T15:26:58.417455,-0.0394740908424043,-0.9990860664878364,0.015797936676555286,0.0,-0.9985709700616976,0.038878103691991565,-0.03640408911871501,0.0,0.03575731282053525,-0.017212710671007218,-0.9992122583171259,0.0,0.05258119435260489,-0.4012675799502272,0.1434191087984692,1.0
2024-07-12T15:26:58.907064,-0.03948385611429402,-0.9990855736298629,0.015804700953886454,0.0,-0.9985705263936777,0.03888758681950439,-0.03640613012140956,0.0,0.0357589211855336,-0.017219894490738824,-0.9992120769833474,0.0,0.052577298116490645,-0.40127115652892253,0.14342111258845702,1.0
2024-07-12T15:26:58.907064,-0.03948385611429402,-0.9990855736298629,0.015804700953886454,0.0,-0.9985705263936777,0.03888758681950439,-0.03640613012140956,0.0,0.0357589211855336,-0.017219894490738824,-0.9992120769833474,0.0,0.052577298116490645,-0.40127115652892253,0.14342111258845702,1.0
2024-07-12T15:26:59.412087,-0.03948330185317962,-0.9990855458131784,0.01580784372272897,0.0,-0.9985705574483349,0.03888692288972378,-0.03640598751165063,0.0,0.035758665969175235,-0.017223007508712303,-0.9992120324638109,0.0,0.05257749002280881,-0.40127260184067065,0.14342117671318075,1.0
2024-07-12T15:26:59.412087,-0.03948330185317962,-0.9990855458131784,0.01580784372272897,0.0,-0.9985705574483349,0.03888692288972378,-0.03640598751165063,0.0,0.035758665969175235,-0.017223007508712303,-0.9992120324638109,0.0,0.05257749002280881,-0.40127260184067065,0.14342117671318075,1.0
2024-07-12T15:26:59.940680,-0.03948513329951928,-0.9990855754808919,0.015801392835525025,0.0,-0.9985704607838047,0.03888897623835741,-0.03640644556064784,0.0,0.03575934310182538,-0.017216648954563093,-0.9992121178106785,0.0,0.05257737752639964,-0.4012705879909048,0.14341921584354925,1.0
2024-07-12T15:26:59.940680,-0.03948513329951928,-0.9990855754808919,0.015801392835525025,0.0,-0.9985704607838047,0.03888897623835741,-0.03640644556064784,0.0,0.03575934310182538,-0.017216648954563093,-0.9992121178106785,0.0,0.05257737752639964,-0.4012705879909048,0.14341921584354925,1.0
2024-07-12T15:27:00.532987,-0.03946823253437678,-0.999086132457672,0.01580839816653506,0.0,-0.9985711718737612,0.03887185462283162,-0.03640522657604276,0.0,0.035758143720828105,-0.01722299222654473,-0.9992120514167177,0.0,0.05257855603923137,-0.4012716528908637,0.14342139958769562,1.0
2024-07-12T15:27:00.532987,-0.03946823253437678,-0.999086132457672,0.01580839816653506,0.0,-0.9985711718737612,0.03887185462283162,-0.03640522657604276,0.0,0.035758143720828105,-0.01722299222654473,-0.9992120514167177,0.0,0.05257855603923137,-0.4012716528908637,0.14342139958769562,1.0
2024-07-12T15:27:01.073532,-0.039483553976761204,-0.9990855392669045,0.015807627726244736,0.0,-0.9985705447187195,0.038887181349502704,-0.03640606059516928,0.0,0.03575874306282526,-0.017222803680238333,-0.9992120332181549,0.0,0.05257643359907856,-0.40127259665293424,0.14342197786400498,1.0
2024-07-12T15:27:01.073532,-0.039483553976761204,-0.9990855392669045,0.015807627726244736,0.0,-0.9985705447187195,0.038887181349502704,-0.03640606059516928,0.0,0.03575874306282526,-0.017222803680238333,-0.9992120332181549,0.0,0.05257643359907856,-0.40127259665293424,0.14342197786400498,1.0
2024-07-12T15:27:01.642070,-0.03948534046080374,-0.9990855354246674,0.015803407705571114,0.0,-0.9985705216306204,0.0388891430536423,-0.03640459839240632,0.0,0.035757415134846385,-0.01721859654929697,-0.9992121532466199,0.0,0.052577253848165,-0.40127169121975387,0.14342075338861934,1.0
2024-07-12T15:27:01.642070,-0.03948534046080374,-0.9990855354246674,0.015803407705571114,0.0,-0.9985705216306204,0.0388891430536423,-0.03640459839240632,0.0,0.035757415134846385,-0.01721859654929697,-0.9992121532466199,0.0,0.052577253848165,-0.40127169121975387,0.14342075338861934,1.0
2024-07-12T15:27:02.244052,-0.03949222048522927,-0.9990852295136017,0.015805555672234357,0.0,-0.9985702039789843,0.038895917268414494,-0.03640607430672447,0.0,0.03575868798416695,-0.017221045223632166,-0.9992120654971379,0.0,0.05257422332493624,-0.40127187428933275,0.14342040492243116,1.0
2024-07-12T15:27:02.244052,-0.03949222048522927,-0.9990852295136017,0.015805555672234357,0.0,-0.9985702039789843,0.038895917268414494,-0.03640607430672447,0.0,0.03575868798416695,-0.017221045223632166,-0.9992120654971379,0.0,0.05257422332493624,-0.40127187428933275,0.14342040492243116,1.0
2024-07-12T15:27:02.826989,-0.03947909092573778,-0.9990857933449366,0.015802715500969816,0.0,-0.9985707092664119,0.038882895188105004,-0.0364061252837235,0.0,0.03575907570420962,-0.017217741051338095,-0.9992121085624762,0.0,0.05257836866484954,-0.401270338052713,0.1434198208742641,1.0
2024-07-12T15:27:02.826989,-0.03947909092573778,-0.9990857933449366,0.015802715500969816,0.0,-0.9985707092664119,0.038882895188105004,-0.0364061252837235,0.0,0.03575907570420962,-0.017217741051338095,-0.9992121085624762,0.0,0.05257836866484954,-0.401270338052713,0.1434198208742641,1.0
2024-07-12T15:27:03.523426,-0.03947400500421803,-0.999086008633915,0.015801809456127084,0.0,-0.9985709344139772,0.03887785801194333,-0.03640532929679228,0.0,0.03575840309583588,-0.01721662325822669,-0.9992121518934906,0.0,0.05257819143324902,-0.4012712334288902,0.1434198088598175,1.0
2024-07-12T15:27:03.523426,-0.03947400500421803,-0.999086008633915,0.015801809456127084,0.0,-0.9985709344139772,0.03887785801194333,-0.03640532929679228,0.0,0.03575840309583588,-0.01721662325822669,-0.9992121518934906,0.0,0.05257819143324902,-0.4012712334288902,0.1434198088598175,1.0
2024-07-12T15:27:04.149242,-0.03948017980719566,-0.9990856988866889,0.015805966711840945,0.0,-0.9985706594553582,0.038883861456128925,-0.03640645951421437,0.0,0.03575926450459763,-0.017221039728916292,-0.9992120449598,0.0,0.05257522920678379,-0.4012709551915538,0.14342065334577558,1.0
2024-07-12T15:27:04.149242,-0.03948017980719566,-0.9990856988866889,0.015805966711840945,0.0,-0.9985706594553582,0.038883861456128925,-0.03640645951421437,0.0,0.03575926450459763,-0.017221039728916292,-0.9992120449598,0.0,0.05257522920678379,-0.4012709551915538,0.14342065334577558,1.0
2024-07-12T15:27:04.841302,-0.039485707600141855,-0.9990855151410748,0.015803772708362137,0.0,-0.9985704748229729,0.038889481045514,-0.03640552124392283,0.0,0.03575831688518214,-0.017219010103554488,-0.9992121138500037,0.0,0.05257508822541442,-0.4012711310538009,0.14342005751174683,1.0
2024-07-12T15:27:04.841302,-0.039485707600141855,-0.9990855151410748,0.015803772708362137,0.0,-0.9985704748229729,0.038889481045514,-0.03640552124392283,0.0,0.03575831688518214,-0.017219010103554488,-0.9992121138500037,0.0,0.05257508822541442,-0.4012711310538009,0.14342005751174683,1.0
2024-07-12T15:27:05.511829,-0.03947681429919551,-0.9990857294971095,0.015812436536585133,0.0,-0.9985708328123797,0.03888028234011221,-0.036405527090704645,0.0,0.035758139049099615,-0.01722734383330749,-0.9992119765676322,0.0,0.052577354273314544,-0.40127308054973104,0.14342300435672029,1.0
2024-07-12T15:27:05.511829,-0.03947681429919551,-0.9990857294971095,0.015812436536585133,0.0,-0.9985708328123797,0.03888028234011221,-0.036405527090704645,0.0,0.035758139049099615,-0.01722734383330749,-0.9992119765676322,0.0,0.052577354273314544,-0.40127308054973104,0.14342300435672029,1.0
2024-07-12T15:27:06.187841,-0.04367203574010609,-0.9989289167002576,0.014646486799663063,0.0,-0.998396401005506,0.043114742468820313,-0.03642104257580095,0.0,0.03575124142108137,-0.016213892948903304,-0.9992291821260493,0.0,0.05092518628086136,-0.40081402393786225,0.14303991855126066,1.0
2024-07-12T15:27:06.187841,-0.04367203574010609,-0.9989289167002576,0.014646486799663063,0.0,-0.998396401005506,0.043114742468820313,-0.03642104257580095,0.0,0.03575124142108137,-0.016213892948903304,-0.9992291821260493,0.0,0.05092518628086136,-0.40081402393786225,0.14303991855126066,1.0
2024-07-12T15:27:06.885403,-0.04354431718154855,-0.9989308908200029,0.014890087573850876,0.0,-0.9983991503554966,0.042976942514769786,-0.03650843577467067,0.0,0.0358301636748163,-0.01645630252444428,-0.9992223924023421,0.0,0.051020048986164065,-0.4009807691252553,0.1431149718087775,1.0
2024-07-12T15:27:06.885403,-0.04354431718154855,-0.9989308908200029,0.014890087573850876,0.0,-0.9983991503554966,0.042976942514769786,-0.03650843577467067,0.0,0.0358301636748163,-0.01645630252444428,-0.9992223924023421,0.0,0.051020048986164065,-0.4009807691252553,0.1431149718087775,1.0
2024-07-12T15:27:07.638196,-0.039449830535375194,-0.9990867953257832,0.015812437433725894,0.0,-0.9985722864617621,0.03885350706224585,-0.03639423856465305,0.0,0.035747322773115535,-0.01722593999929334,-0.9992123877863482,0.0,0.052590222830575566,-0.40126960134169315,0.14342485250102444,1.0
2024-07-12T15:27:07.638196,-0.039449830535375194,-0.9990867953257832,0.015812437433725894,0.0,-0.9985722864617621,0.03885350706224585,-0.03639423856465305,0.0,0.035747322773115535,-0.01722593999929334,-0.9992123877863482,0.0,0.052590222830575566,-0.40126960134169315,0.14342485250102444,1.0
2024-07-12T15:27:08.372629,-0.039498247298574436,-0.9990847260006391,0.01582231442541605,0.0,-0.9985703034031664,0.03890149135617756,-0.03639739046664586,0.0,0.035749253537562205,-0.017237658324341,-0.9992121166233927,0.0,0.05256809458817446,-0.40127500746450234,0.14342803536872437,1.0
2024-07-12T15:27:08.372629,-0.039498247298574436,-0.9990847260006391,0.01582231442541605,0.0,-0.9985703034031664,0.03890149135617756,-0.03639739046664586,0.0,0.035749253537562205,-0.017237658324341,-0.9992121166233927,0.0,0.05256809458817446,-0.40127500746450234,0.14342803536872437,1.0
2024-07-12T15:27:09.158827,-0.0395280309763856,-0.9990836597083622,0.015815263895474583,0.0,-0.9985691789701728,0.03893153376363436,-0.03639611779921484,0.0,0.03574774234450372,-0.017231633717434552,-0.9992122746026988,0.0,0.05255581138266161,-0.4012717088955699,0.14342713830117465,1.0
2024-07-12T15:27:09.158827,-0.0395280309763856,-0.9990836597083622,0.015815263895474583,0.0,-0.9985691789701728,0.03893153376363436,-0.03639611779921484,0.0,0.03574774234450372,-0.017231633717434552,-0.9992122746026988,0.0,0.05255581138266161,-0.4012717088955699,0.14342713830117465,1.0
2024-07-12T15:27:09.915756,-0.03948470997437816,-0.9990851828664378,0.0158272535894317,0.0,-0.9985708870378712,0.03888780837410568,-0.03639600007509327,0.0,0.03574790544391234,-0.01724205212629759,-0.9992120890455876,0.0,0.052571508744125625,-0.40127542828076584,0.14342950502845697,1.0
2024-07-12T15:27:09.915756,-0.03948470997437816,-0.9990851828664378,0.0158272535894317,0.0,-0.9985708870378712,0.03888780837410568,-0.03639600007509327,0.0,0.03574790544391234,-0.01724205212629759,-0.9992120890455876,0.0,0.052571508744125625,-0.40127542828076584,0.14342950502845697,1.0
2024-07-12T15:27:10.698920,-0.03950300308918656,-0.9990845076771886,0.01582422723462365,0.0,-0.9985701657405843,0.038906197932148424,-0.036396136560009354,0.0,0.035747843916265634,-0.017239689824810753,-0.999212132007054,0.0,0.05256374702209672,-0.40127510346719775,0.14342914783910604,1.0
2024-07-12T15:27:10.698920,-0.03950300308918656,-0.9990845076771886,0.01582422723462365,0.0,-0.9985701657405843,0.038906197932148424,-0.036396136560009354,0.0,0.035747843916265634,-0.017239689824810753,-0.999212132007054,0.0,0.05256374702209672,-0.40127510346719775,0.14342914783910604,1.0
2024-07-12T15:27:11.490628,-0.03951923115597179,-0.9990838242548984,0.015826856360522962,0.0,-0.9985694567884074,0.03892228478965072,-0.03639838756410617,0.0,0.03574971112639005,-0.017242983631313442,-0.9992120083695301,0.0,0.052561133344153625,-0.4012766272759237,0.14343033243036557,1.0
2024-07-12T15:27:11.490628,-0.03951923115597179,-0.9990838242548984,0.015826856360522962,0.0,-0.9985694567884074,0.03892228478965072,-0.03639838756410617,0.0,0.03574971112639005,-0.017242983631313442,-0.9992120083695301,0.0,0.052561133344153625,-0.4012766272759237,0.14343033243036557,1.0
2024-07-12T15:27:12.296575,-0.03950177053606343,-0.9990846204425214,0.01582018397326509,0.0,-0.9985702064016302,0.03890510977012964,-0.03639618416796617,0.0,0.03574807011207052,-0.01723560992978699,-0.9992121942978933,0.0,0.05256583578036706,-0.4012739166826747,0.14342912091369786,1.0
2024-07-12T15:27:12.296575,-0.03950177053606343,-0.9990846204425214,0.01582018397326509,0.0,-0.9985702064016302,0.03890510977012964,-0.03639618416796617,0.0,0.03574807011207052,-0.01723560992978699,-0.9992121942978933,0.0,0.05256583578036706,-0.4012739166826747,0.14342912091369786,1.0
2024-07-12T15:27:13.104553,-0.03950405077765235,-0.999084404523349,0.01582812407046547,0.0,-0.9985700986102514,0.0389070904201564,-0.03639702429812927,0.0,0.03574856136351089,-0.017243653303649405,-0.9992120379484941,0.0,0.052566010484263216,-0.4012762686995104,0.14343000051955526,1.0
2024-07-12T15:27:13.104553,-0.03950405077765235,-0.999084404523349,0.01582812407046547,0.0,-0.9985700986102514,0.0389070904201564,-0.03639702429812927,0.0,0.03574856136351089,-0.017243653303649405,-0.9992120379484941,0.0,0.052566010484263216,-0.4012762686995104,0.14343000051955526,1.0
2024-07-12T15:27:13.969754,-0.039508391447405464,-0.9990843329827919,0.01582180440963454,0.0,-0.9985699161553598,0.03891165261725782,-0.036397152928213314,0.0,0.03574886097514283,-0.017237502743557575,-0.9992121333521454,0.0,0.052562525043167295,-0.40127483912714484,0.1434283688587799,1.0
2024-07-12T15:27:13.969754,-0.039508391447405464,-0.9990843329827919,0.01582180440963454,0.0,-0.9985699161553598,0.03891165261725782,-0.036397152928213314,0.0,0.03574886097514283,-0.017237502743557575,-0.9992121333521454,0.0,0.052562525043167295,-0.40127483912714484,0.1434283688587799,1.0
2024-07-12T15:27:14.834527,-0.0395102630052036,-0.9990842237885783,0.01582402588603325,0.0,-0.9985698567422079,0.038913448782884094,-0.036396862651562875,0.0,0.035748452118201275,-0.01723977679715446,-0.9992121087472554,0.0,0.05256260408570181,-0.40127526651305023,0.14342916922951188,1.0
2024-07-12T15:27:14.834527,-0.0395102630052036,-0.9990842237885783,0.01582402588603325,0.0,-0.9985698567422079,0.038913448782884094,-0.036396862651562875,0.0,0.035748452118201275,-0.01723977679715446,-0.9992121087472554,0.0,0.05256260408570181,-0.40127526651305023,0.14342916922951188,1.0
2024-07-12T15:27:15.681982,-0.03951406374796236,-0.9990840433542709,0.01582592753084557,0.0,-0.9985696784357007,0.0389171636951161,-0.036397782624188225,0.0,0.0357492319044524,-0.017241847627315524,-0.9992120451178709,0.0,0.05256191486153715,-0.4012765644944194,0.14343021907473907,1.0
2024-07-12T15:27:15.681982,-0.03951406374796236,-0.9990840433542709,0.01582592753084557,0.0,-0.9985696784357007,0.0389171636951161,-0.036397782624188225,0.0,0.0357492319044524,-0.017241847627315524,-0.9992120451178709,0.0,0.05256191486153715,-0.4012765644944194,0.14343021907473907,1.0
2024-07-12T15:27:16.601257,-0.0395127526375173,-0.9990840962475205,0.015825861919316547,0.0,-0.9985697871582072,0.038915883455853895,-0.03639616862900923,0.0,0.035747644096468856,-0.017241672331979267,-0.9992121049490686,0.0,0.05256453604298704,-0.40127459757649986,0.14342976692122467,1.0
2024-07-12T15:27:16.601257,-0.0395127526375173,-0.9990840962475205,0.015825861919316547,0.0,-0.9985697871582072,0.038915883455853895,-0.03639616862900923,0.0,0.035747644096468856,-0.017241672331979267,-0.9992121049490686,0.0,0.05256453604298704,-0.40127459757649986,0.14342976692122467,1.0
2024-07-12T15:27:17.481700,-0.03951976843717431,-0.9990838768801986,0.01582219207038464,0.0,-0.9985694563536472,0.03892300160565782,-0.036397632955940375,0.0,0.03574912931704124,-0.01723831565112121,-0.9992121097277523,0.0,0.052561583907335285,-0.40127438475940813,0.14342869248082038,1.0
2024-07-12T15:27:17.481700,-0.03951976843717431,-0.9990838768801986,0.01582219207038464,0.0,-0.9985694563536472,0.03892300160565782,-0.036397632955940375,0.0,0.03574912931704124,-0.01723831565112121,-0.9992121097277523,0.0,0.052561583907335285,-0.40127438475940813,0.14342869248082038,1.0
2024-07-12T15:27:18.429526,-0.03951018681179408,-0.9990841125057607,0.01583124056674778,0.0,-0.9985698345862059,0.03891309767432711,-0.036397845885081805,0.0,0.03574915522475604,-0.017247017023020828,-0.9992119586476755,0.0,0.05256371626600955,-0.4012774454743368,0.14343161007429084,1.0
2024-07-12T15:27:18.429526,-0.03951018681179408,-0.9990841125057607,0.01583124056674778,0.0,-0.9985698345862059,0.03891309767432711,-0.036397845885081805,0.0,0.03574915522475604,-0.017247017023020828,-0.9992119586476755,0.0,0.05256371626600955,-0.4012774454743368,0.14343161007429084,1.0
2024-07-12T15:27:19.353855,-0.03950415908059268,-0.9990843289808399,0.015832621433235293,0.0,-0.9985701074777984,0.0389070411397409,-0.03639683369109376,0.0,0.03574819397535104,-0.017248140874564114,-0.9992119736391631,0.0,0.052563875575132424,-0.40127750890806824,0.14343240755508493,1.0
2024-07-12T15:27:19.353855,-0.03950415908059268,-0.9990843289808399,0.015832621433235293,0.0,-0.9985701074777984,0.0389070411397409,-0.03639683369109376,0.0,0.03574819397535104,-0.017248140874564114,-0.9992119736391631,0.0,0.052563875575132424,-0.40127750890806824,0.14343240755508493,1.0
2024-07-12T15:27:20.377708,-0.03950340077472794,-0.9990844435028872,0.015827285900178418,0.0,-0.9985701244626493,0.038906471547007423,-0.03639697657250379,0.0,0.03574855750609524,-0.017242791180941137,-0.9992120529639962,0.0,0.05256485723832189,-0.40127555019223343,0.1434304641969087,1.0
2024-07-12T15:27:20.377708,-0.03950340077472794,-0.9990844435028872,0.015827285900178418,0.0,-0.9985701244626493,0.038906471547007423,-0.03639697657250379,0.0,0.03574855750609524,-0.017242791180941137,-0.9992120529639962,0.0,0.05256485723832189,-0.40127555019223343,0.1434304641969087,1.0
