timestamp,attribute_name,values
2024-07-11T11:31:51.977620,elbow,0.20214662620913815,-1.0
2024-07-11T11:31:51.977620,O_T_EE,-0.05769987220469365,-0.9978938982762885,0.029312786147390038,0.0,-0.9976307047892182,0.05654059320854375,-0.03894720891928323,0.0,0.037208536197699274,-0.0314911907839358,-0.9988112082556113,0.0,0.048721899649315864,-0.4064046428139821,0.1498604071769058,1.0
2024-07-11T11:31:51.977620,tau_J_d,0.0,0.0,0.0,0.0,0.0,0.0,0.0
2024-07-11T11:31:51.977620,q,-1.650150411596169,-0.07970541118320665,0.20214662620913815,-2.719194766855932,0.10917047527763579,2.6745511347033752,0.868360945890761
2024-07-11T11:31:51.977620,q_d,-1.6501376951958469,-0.07970544073797127,0.20214384215338185,-2.719186201314802,0.1091725097828194,2.674555882983737,0.8683668913731327
2024-07-11T11:31:51.977620,dq,-0.001243500992624293,0.00042553450405941794,0.0009190861059743893,-0.00045271252900463526,-1.574207468375751e-05,0.0002164143392766158,-0.001431323679843911
2024-07-11T11:31:51.977620,tau_J,-0.22432845830917358,-20.505483627319336,-0.7725933790206909,16.574167251586914,0.483725905418396,2.510265350341797,-0.02851465716958046
2024-07-11T11:31:51.977620,dtau_J,158.9367218017578,-96.63627624511719,-87.63243865966797,15.8906831741333,13.862043380737305,-25.26267433166504,60.89411926269531
2024-07-11T11:31:51.977620,O_F_ext_hat_K,-0.8378923117411358,-0.1260458834978726,-1.0724185016566925,0.1771301931636898,-0.5715817466731984,-0.2998409741650188
2024-07-11T11:31:51.977620,m_ee,0.7300000190734863
2024-07-11T11:31:51.977620,tau_ext_hat_filtered,-0.2961458290794831,0.1580426182048041,-0.3249551718242295,-0.033333974247188716,0.16982879058566433,0.2116367317247093,-0.04093585494614719
2024-07-11T11:31:51.977620,joint_contact,0.0,0.0,0.0,0.0,0.0,0.0,0.0
2024-07-11T11:31:51.977620,joint_collision,0.0,0.0,0.0,0.0,0.0,0.0,0.0
2024-07-11T11:31:51.977620,cartesian_collision,0.0,0.0,0.0,0.0,0.0,0.0
2024-07-11T11:31:51.987777,elbow,0.20213883084581605,-1.0
2024-07-11T11:31:51.987777,O_T_EE,-0.05770638655855089,-0.9978932081771166,0.02932345350646172,0.0,-0.9976303027185581,0.056546661606511665,-0.03894869779652596,0.0,0.037209213988604994,-0.031502160923619786,-0.9988108370715111,0.0,0.04872098768187918,-0.4064082380349349,0.14986426075191273,1.0
2024-07-11T11:31:51.987777,tau_J_d,0.0,0.0,0.0,0.0,0.0,0.0,0.0
2024-07-11T11:31:51.987777,q,-1.650145720272562,-0.07971070089674831,0.20213883084581605,-2.719190283246062,0.10917047527763579,2.674552233583817,0.8683644045496152
2024-07-11T11:31:51.987777,q_d,-1.6501376951958469,-0.07970544073797127,0.20214384215338185,-2.719186201314802,0.1091725097828194,2.674555882983737,0.8683668913731327
2024-07-11T11:31:51.987777,dq,-0.000941809848880399,-0.0008166583125720415,-0.0038383680504758553,0.00024395435797265952,0.00014911520199141422,-7.683761121198682e-05,0.0011954902933639447
2024-07-11T11:31:51.987777,tau_J,-0.2640013098716736,-20.430105209350586,-0.6615093946456909,16.538461685180664,0.483725905418396,2.510265350341797,-0.05964258685708046
2024-07-11T11:31:51.987777,dtau_J,-63.59136199951172,131.64776611328125,98.2519760131836,14.350253105163574,-3.3028995990753174,-14.622167587280273,-39.17778778076172
2024-07-11T11:31:51.987777,O_F_ext_hat_K,-0.7748325883381179,-0.11493496500407953,-1.0904271276632507,0.17987435562422052,-0.5552569864744287,-0.27387752353999045
2024-07-11T11:31:51.987777,m_ee,0.7300000190734863
2024-07-11T11:31:51.987777,tau_ext_hat_filtered,-0.2698701966897312,0.16484311827921705,-0.29971925330928784,-0.038844199454731713,0.16796903073779995,0.21051183772992732,-0.040985164101194925
2024-07-11T11:31:51.987777,joint_contact,0.0,0.0,0.0,0.0,0.0,0.0,0.0
2024-07-11T11:31:51.987777,joint_collision,0.0,0.0,0.0,0.0,0.0,0.0,0.0
2024-07-11T11:31:51.987777,cartesian_collision,0.0,0.0,0.0,0.0,0.0,0.0
2024-07-11T11:31:51.997560,elbow,0.2021477939550319,-1.0
2024-07-11T11:31:51.997560,O_T_EE,-0.0576983007263847,-0.9978938801651399,0.029316495756784487,0.0,-0.997630792634463,0.05653887635036013,-0.038947451133293585,0.0,0.03720861778651995,-0.031494847020521896,-0.9988110899332119,0.0,0.04872442635384488,-0.40640560035513495,0.14986198154697372,1.0
2024-07-11T11:31:51.997560,tau_J_d,0.0,0.0,0.0,0.0,0.0,0.0,0.0
2024-07-11T11:31:51.997560,q,-1.6501455082251533,-0.07970791683698954,0.2021477939550319,-2.719193043033864,0.10917042792505688,2.6745508207391806,0.8683655235270658
2024-07-11T11:31:51.997560,q_d,-1.6501376951958469,-0.07970544073797127,0.20214384215338185,-2.719186201314802,0.1091725097828194,2.674555882983737,0.8683668913731327
2024-07-11T11:31:51.997560,dq,-0.0007263872556590701,-7.798873967951581e-05,0.0015542287231486431,-0.00040236424069078517,0.0004953826062879473,-3.9945969958634067e-05,0.001272778938214142
2024-07-11T11:31:51.997560,tau_J,-0.2640013098716736,-20.469778060913086,-0.7725933790206909,16.574167251586914,0.474570631980896,2.510265350341797,-0.06971338391304016
2024-07-11T11:31:51.997560,dtau_J,93.08036041259766,2.3900649547576904,-105.06927490234375,-33.524497985839844,-23.280323028564453,-27.623329162597656,-11.963977813720703
2024-07-11T11:31:51.997560,O_F_ext_hat_K,-0.8106104165975174,-0.12980462210730956,-1.0763594729798074,0.18003462584192068,-0.5636861120597455,-0.2894519389896726
2024-07-11T11:31:51.997560,m_ee,0.7300000190734863
2024-07-11T11:31:51.997560,tau_ext_hat_filtered,-0.2881234857435023,0.1597489663606646,-0.3122351523524849,-0.03218438434760086,0.16945561688019764,0.21126262334020882,-0.040815156573712194
2024-07-11T11:31:51.997560,joint_contact,0.0,0.0,0.0,0.0,0.0,0.0,0.0
2024-07-11T11:31:51.997560,joint_collision,0.0,0.0,0.0,0.0,0.0,0.0,0.0
2024-07-11T11:31:51.997560,cartesian_collision,0.0,0.0,0.0,0.0,0.0,0.0
2024-07-11T11:31:52.007778,elbow,0.2021477939550319,-1.0
2024-07-11T11:31:52.007778,O_T_EE,-0.0576983007263847,-0.9978938801651399,0.029316495756784487,0.0,-0.997630792634463,0.05653887635036013,-0.038947451133293585,0.0,0.03720861778651995,-0.031494847020521896,-0.9988110899332119,0.0,0.04872442635384488,-0.40640560035513495,0.14986198154697372,1.0
2024-07-11T11:31:52.007778,tau_J_d,0.0,0.0,0.0,0.0,0.0,0.0,0.0
2024-07-11T11:31:52.007778,q,-1.6501455082251533,-0.07970791683698954,0.2021477939550319,-2.719193043033864,0.10917042792505688,2.6745508207391806,0.8683655235270658
2024-07-11T11:31:52.007778,q_d,-1.6501376951958469,-0.07970544073797127,0.20214384215338185,-2.719186201314802,0.1091725097828194,2.674555882983737,0.8683668913731327
2024-07-11T11:31:52.007778,dq,-0.0007263872556590701,-7.798873967951581e-05,0.0015542287231486431,-0.00040236424069078517,0.0004953826062879473,-3.9945969958634067e-05,0.001272778938214142
2024-07-11T11:31:52.007778,tau_J,-0.2640013098716736,-20.469778060913086,-0.7725933790206909,16.574167251586914,0.474570631980896,2.510265350341797,-0.06971338391304016
2024-07-11T11:31:52.007778,dtau_J,93.08036041259766,2.3900649547576904,-105.06927490234375,-33.524497985839844,-23.280323028564453,-27.623329162597656,-11.963977813720703
2024-07-11T11:31:52.007778,O_F_ext_hat_K,-0.8106104165975174,-0.12980462210730956,-1.0763594729798074,0.18003462584192068,-0.5636861120597455,-0.2894519389896726
2024-07-11T11:31:52.007778,m_ee,0.7300000190734863
2024-07-11T11:31:52.007778,tau_ext_hat_filtered,-0.2881234857435023,0.1597489663606646,-0.3122351523524849,-0.03218438434760086,0.16945561688019764,0.21126262334020882,-0.040815156573712194
2024-07-11T11:31:52.007778,joint_contact,0.0,0.0,0.0,0.0,0.0,0.0,0.0
2024-07-11T11:31:52.007778,joint_collision,0.0,0.0,0.0,0.0,0.0,0.0,0.0
2024-07-11T11:31:52.007778,cartesian_collision,0.0,0.0,0.0,0.0,0.0,0.0
2024-07-11T11:31:52.017844,elbow,0.20214133647002036,-1.0
2024-07-11T11:31:52.017844,O_T_EE,-0.05769645883009999,-0.9978938871746855,0.02931988197573948,0.0,-0.9976308734487874,0.056536882847190696,-0.03894827494178359,0.0,0.03720930714251535,-0.031498203444577016,-0.9988109584109188,0.0,0.04872224809811334,-0.4064073583644756,0.1498630286258588,1.0
2024-07-11T11:31:52.017844,tau_J_d,0.0,0.0,0.0,0.0,0.0,0.0,0.0
2024-07-11T11:31:52.017844,q,-1.6501451218464323,-0.07970791683698954,0.20214133647002036,-2.7191902789402826,0.10917047527162607,2.674551173943915,0.8683575889570637
2024-07-11T11:31:52.017844,q_d,-1.6501376951958469,-0.07970544073797127,0.20214384215338185,-2.719186201314802,0.1091725097828194,2.674555882983737,0.8683668913731327
2024-07-11T11:31:52.017844,dq,0.00013304711188649856,0.00017898483779030906,-0.002252397184024545,0.00033448072933945733,-5.513104665210199e-05,8.509106477355745e-05,-0.002127556262410695
2024-07-11T11:31:52.017844,tau_J,-0.2997068762779236,-20.469778060913086,-0.6972149610519409,16.538461685180664,0.483725905418396,2.510265350341797,0.001697746105492115
2024-07-11T11:31:52.017844,dtau_J,-8.811248779296875,-14.743721961975098,123.57716369628906,41.53820037841797,-13.81368350982666,-0.5813652276992798,23.031410217285156
2024-07-11T11:31:52.017844,O_F_ext_hat_K,-0.7596108670316524,-0.054320364741296784,-1.136608726523175,0.17826869700878495,-0.5435835314299988,-0.26676151219579514
2024-07-11T11:31:52.017844,m_ee,0.7300000190734863
2024-07-11T11:31:52.017844,tau_ext_hat_filtered,-0.2662896085229998,0.18278797441889907,-0.288330202130829,-0.07406474012433117,0.1667160117957226,0.20472877489781072,-0.04007084186439247
2024-07-11T11:31:52.017844,joint_contact,0.0,0.0,0.0,0.0,0.0,0.0,0.0
2024-07-11T11:31:52.017844,joint_collision,0.0,0.0,0.0,0.0,0.0,0.0,0.0
2024-07-11T11:31:52.017844,cartesian_collision,0.0,0.0,0.0,0.0,0.0,0.0
2024-07-11T11:31:52.027795,elbow,0.20214455111040128,-1.0
2024-07-11T11:31:52.027795,O_T_EE,-0.0576989554066328,-0.9978938180269651,0.029317322349735945,0.0,-0.9976307448147393,0.056539489516798276,-0.03894778590339031,0.0,0.037208884725511024,-0.031495715083881735,-0.998811052616479,0.0,0.048723358859663043,-0.4064060770133744,0.14986223047869524,1.0
2024-07-11T11:31:52.027795,tau_J_d,0.0,0.0,0.0,0.0,0.0,0.0,0.0
2024-07-11T11:31:52.027795,q,-1.6501451218583956,-0.07970791683698954,0.20214455111040128,-2.719192431315294,0.10917047527763576,2.6745509571382304,0.8683632855717506
2024-07-11T11:31:52.027795,q_d,-1.6501376951958469,-0.07970544073797127,0.20214384215338185,-2.719186201314802,0.1091725097828194,2.674555882983737,0.8683668913731327
2024-07-11T11:31:52.027795,dq,0.00031232087138312645,-0.00028118985991538846,0.0002125649521673125,-0.0006798737011361293,-8.498406966961941e-07,6.197571274304198e-05,0.001429170019823361
2024-07-11T11:31:52.027795,tau_J,-0.2997068762779236,-20.469778060913086,-0.7329205274581909,16.574167251586914,0.483725905418396,2.520336151123047,-0.04957178607583046
2024-07-11T11:31:52.027795,dtau_J,28.890338897705078,-10.249740600585938,9.75321102142334,26.51374626159668,8.11171817779541,-14.567895889282227,-12.40646743774414
2024-07-11T11:31:52.027795,O_F_ext_hat_K,-0.7358691416815544,-0.1058190122629431,-1.0669542277270567,0.16822688228518218,-0.5395995516237365,-0.259697541069147
2024-07-11T11:31:52.027795,m_ee,0.7300000190734863
2024-07-11T11:31:52.027795,tau_ext_hat_filtered,-0.2596732734839271,0.15598179433159265,-0.2813060801718479,-0.03315261823644565,0.16591180397956204,0.21141709030563577,-0.03978174365442746
2024-07-11T11:31:52.027795,joint_contact,0.0,0.0,0.0,0.0,0.0,0.0,0.0
2024-07-11T11:31:52.027795,joint_collision,0.0,0.0,0.0,0.0,0.0,0.0,0.0
2024-07-11T11:31:52.027795,cartesian_collision,0.0,0.0,0.0,0.0,0.0,0.0
2024-07-11T11:31:52.037830,elbow,0.20214204317884954,-1.0
2024-07-11T11:31:52.037830,O_T_EE,-0.05769838471921278,-0.9978939768347915,0.029313039740814822,0.0,-0.9976308208096696,0.05653912308177221,-0.03894637124273984,0.0,0.037207732085036666,-0.03149134091433416,-0.99881123347733,0.0,0.04872217404746687,-0.40640452772945257,0.14986117123132373,1.0
2024-07-11T11:31:52.037830,tau_J_d,0.0,0.0,0.0,0.0,0.0,0.0,0.0
2024-07-11T11:31:52.037830,q,-1.6501451218583956,-0.07970791683698954,0.20214204317884954,-2.719194941039676,0.10916844077242745,2.6745489345417224,0.8683620648686255
2024-07-11T11:31:52.037830,q_d,-1.6501376951958469,-0.07970544073797127,0.20214384215338185,-2.719186201314802,0.1091725097828194,2.674555882983737,0.8683668913731327
2024-07-11T11:31:52.037830,dq,0.0003021851933238594,0.00019689682019343013,-0.0006472334384711322,-0.0014015657628294932,-0.0005706858542522651,-0.0005524147087349546,-0.0005948969035325048
2024-07-11T11:31:52.037830,tau_J,-0.2997068762779236,-20.469778060913086,-0.6972149610519409,16.613840103149414,0.502036452293396,2.530406951904297,-0.03858545795083046
2024-07-11T11:31:52.037830,dtau_J,6.156776428222656,-17.804183959960938,76.47911071777344,93.419921875,39.71381378173828,40.145973205566406,24.634782791137695
2024-07-11T11:31:52.037830,O_F_ext_hat_K,-0.8368601789253618,-0.14936917293897703,-1.0793932060881297,0.18551527291163442,-0.5639607497256093,-0.30344798955601726
2024-07-11T11:31:52.037830,m_ee,0.7300000190734863
2024-07-11T11:31:52.037830,tau_ext_hat_filtered,-0.302783068753161,0.15803686928625568,-0.3248445610857103,-0.02699527364393285,0.1696054310290244,0.21365385905510395,-0.038590889100030175
2024-07-11T11:31:52.037830,joint_contact,0.0,0.0,0.0,0.0,0.0,0.0,0.0
2024-07-11T11:31:52.037830,joint_collision,0.0,0.0,0.0,0.0,0.0,0.0,0.0
2024-07-11T11:31:52.037830,cartesian_collision,0.0,0.0,0.0,0.0,0.0,0.0
2024-07-11T11:31:52.077904,elbow,0.2021388318178778,-1.0
2024-07-11T11:31:52.077904,O_T_EE,-0.05769528785261831,-0.9978940270668493,0.02931742494009727,0.0,-0.9976309489189431,0.056535815803566626,-0.038947890722382895,0.0,0.03720909937293619,-0.03149568661889529,-0.9988110455177494,0.0,0.04872200168669583,-0.40640678384739065,0.14986273526982843,1.0
2024-07-11T11:31:52.077904,tau_J_d,0.0,0.0,0.0,0.0,0.0,0.0,0.0
2024-07-11T11:31:52.077904,q,-1.6501432409886032,-0.07970791683698954,0.2021388318178778,-2.7191905352458305,0.10916981399721579,2.6745488625279177,0.8683564656185484
2024-07-11T11:31:52.077904,q_d,-1.6501376951958469,-0.07970544073797127,0.20214384215338185,-2.719186201314802,0.1091725097828194,2.674555882983737,0.8683668913731327
2024-07-11T11:31:52.077904,dq,0.0011045780820003737,0.00018373381544078258,-0.0015802966555978736,9.711515886805094e-05,-0.00014537820661423398,0.0005496476941366919,-0.0027339657680138943
2024-07-11T11:31:52.077904,tau_J,-0.2997068762779236,-20.469778060913086,-0.6615093946456909,16.538461685180664,0.492881178855896,2.499279022216797,0.011768546886742115
2024-07-11T11:31:52.077904,dtau_J,-26.2939453125,-71.91144561767578,132.58660888671875,9.324356079101562,14.810593605041504,-2.3917489051818848,84.66166687011719
2024-07-11T11:31:52.077904,O_F_ext_hat_K,-0.7885973841055348,-0.12218039000513817,-1.0872181884555616,0.17968438022505984,-0.5563340433984687,-0.2811333318366044
2024-07-11T11:31:52.077904,m_ee,0.7300000190734863
2024-07-11T11:31:52.077904,tau_ext_hat_filtered,-0.27799853062842617,0.16195383556429008,-0.3057926031679592,-0.03519934923308554,0.16850736719829068,0.21227567959650095,-0.039828294311176446
2024-07-11T11:31:52.077904,joint_contact,0.0,0.0,0.0,0.0,0.0,0.0,0.0
2024-07-11T11:31:52.077904,joint_collision,0.0,0.0,0.0,0.0,0.0,0.0,0.0
2024-07-11T11:31:52.077904,cartesian_collision,0.0,0.0,0.0,0.0,0.0,0.0
2024-07-11T11:31:52.118934,elbow,0.20214662621314125,-1.0
2024-07-11T11:31:52.118934,O_T_EE,-0.05770221246556714,-0.9978935922723777,0.02931859613822473,0.0,-0.9976305433635563,0.05654268169136376,-0.03894831185677783,0.0,0.03720923517570439,-0.0314971371794625,-0.9988109947167868,0.0,0.04872290964471084,-0.40640641989274345,0.14986234314502261,1.0
2024-07-11T11:31:52.118934,tau_J_d,0.0,0.0,0.0,0.0,0.0,0.0,0.0
2024-07-11T11:31:52.118934,q,-1.6501482746229303,-0.07970789053000127,0.20214662621314125,-2.719192431668068,0.10917161118763465,2.674552393201463,0.8683644045496152
2024-07-11T11:31:52.118934,q_d,-1.6501376951958469,-0.07970544073797127,0.20214384215338185,-2.719186201314802,0.1091725097828194,2.674555882983737,0.8683668913731327
2024-07-11T11:31:52.118934,dq,-0.0014532584889841095,-2.3256034875262494e-05,0.000823891261449164,-0.0003307992767131645,0.00046444562953748385,0.0004466553161171001,0.001153722865728826
2024-07-11T11:31:52.118934,tau_J,-0.22432845830917358,-20.469778060913086,-0.7725933790206909,16.574167251586914,0.474570631980896,2.499279022216797,-0.05964258685708046
2024-07-11T11:31:52.118934,dtau_J,92.5665054321289,-63.480003356933594,-120.82872009277344,73.55744934082031,-20.69340705871582,-24.286832809448242,-45.499202728271484
2024-07-11T11:31:52.118934,O_F_ext_hat_K,-0.7613249918543153,-0.13087062258253335,-1.0888132194989202,0.1841101744837504,-0.5587116835083088,-0.2681775623725858
2024-07-11T11:31:52.118934,m_ee,0.7300000190734863
2024-07-11T11:31:52.118934,tau_ext_hat_filtered,-0.2577079445627106,0.1645033648943877,-0.3013425492165192,-0.031232383961356608,0.16882830184283396,0.21166169901778178,-0.04086787360793327
2024-07-11T11:31:52.118934,joint_contact,0.0,0.0,0.0,0.0,0.0,0.0,0.0
2024-07-11T11:31:52.118934,joint_collision,0.0,0.0,0.0,0.0,0.0,0.0,0.0
2024-07-11T11:31:52.118934,cartesian_collision,0.0,0.0,0.0,0.0,0.0,0.0
2024-07-11T11:31:52.159984,elbow,0.20214733488214193,-1.0
2024-07-11T11:31:52.159984,O_T_EE,-0.05769342183505266,-0.9978942549981102,0.029313338601008897,0.0,-0.9976310881331028,0.05653413811724964,-0.03894676005664142,0.0,0.0372082601524738,-0.031491476050894446,-0.9988112095449078,0.0,0.0487241626040708,-0.4064046263796066,0.14986058249493422,1.0
2024-07-11T11:31:52.159984,tau_J_d,0.0,0.0,0.0,0.0,0.0,0.0,0.0
2024-07-11T11:31:52.159984,q,-1.650145570052232,-0.07970541118320665,0.20214733488214193,-2.7191942447297803,0.10916945802704109,2.674551101530202,0.868360945890761
2024-07-11T11:31:52.159984,q_d,-1.6501376951958469,-0.07970544073797127,0.20214384215338185,-2.719186201314802,0.1091725097828194,2.674555882983737,0.8683668913731327
2024-07-11T11:31:52.159984,dq,-0.0004516182001702918,0.0007230954337561551,0.0008154550169465554,-0.00031204927429027187,-0.00034424433802445717,-0.0002881145566656217,0.0004229918793348916
2024-07-11T11:31:52.159984,tau_J,-0.2640013098716736,-20.505483627319336,-0.7725933790206909,16.574167251586914,0.492881178855896,2.520336151123047,-0.02851465716958046
2024-07-11T11:31:52.159984,dtau_J,-52.336151123046875,-81.99518585205078,-80.81124877929688,-45.01708984375,11.377739906311035,8.368457794189453,-33.11848831176758
2024-07-11T11:31:52.159984,O_F_ext_hat_K,-0.7924173180940696,-0.12415623738745964,-1.0717754126745074,0.17699063145332777,-0.5687254571127778,-0.27841193659236
2024-07-11T11:31:52.159984,m_ee,0.7300000190734863
2024-07-11T11:31:52.159984,tau_ext_hat_filtered,-0.2711235041438075,0.15955605370689244,-0.30826386072846107,-0.03089247460111237,0.16929804345361987,0.2110268746653787,-0.043182594951759794
2024-07-11T11:31:52.159984,joint_contact,0.0,0.0,0.0,0.0,0.0,0.0,0.0
2024-07-11T11:31:52.159984,joint_collision,0.0,0.0,0.0,0.0,0.0,0.0,0.0
2024-07-11T11:31:52.159984,cartesian_collision,0.0,0.0,0.0,0.0,0.0,0.0
2024-07-11T11:31:52.200965,elbow,0.2021413364994023,-1.0
2024-07-11T11:31:52.200965,O_T_EE,-0.05770135935186276,-0.9978937079929433,0.029316336371543416,0.0,-0.9976305908218235,0.05654191625697546,-0.03894820745165486,0.0,0.03720928571158291,-0.03149484486271261,-0.998811065118878,0.0,0.04872200834705566,-0.40640617322351796,0.14986144678607652,1.0
2024-07-11T11:31:52.200965,tau_J_d,0.0,0.0,0.0,0.0,0.0,0.0,0.0
2024-07-11T11:31:52.200965,q,-1.6501454905672757,-0.07970541118320665,0.2021413364994023,-2.7191921924280464,0.10917047527763579,2.6745521928903915,0.8683620648686255
2024-07-11T11:31:52.200965,q_d,-1.6501376951958469,-0.07970544073797127,0.20214384215338185,-2.719186201314802,0.1091725097828194,2.674555882983737,0.8683668913731327
2024-07-11T11:31:52.200965,dq,-0.0006212443826160054,0.00043897502103671076,0.0014160082601605336,-0.00015859489324485714,0.00011625868478512377,0.00016826540295307072,0.00047655819509568996
2024-07-11T11:31:52.200965,tau_J,-0.2640013098716736,-20.505483627319336,-0.6972149610519409,16.574167251586914,0.483725905418396,2.510265350341797,-0.03858545795083046
2024-07-11T11:31:52.200965,dtau_J,48.49164962768555,-64.78092193603516,-2.4488067626953125,124.27690124511719,-21.239051818847656,-10.79273796081543,-22.72888946533203
2024-07-11T11:31:52.200965,O_F_ext_hat_K,-0.8676452989013318,-0.12132955443226158,-1.066623550262067,0.17207237969400982,-0.5863700950068435,-0.30929432727216927
2024-07-11T11:31:52.200965,m_ee,0.7300000190734863
2024-07-11T11:31:52.200965,tau_ext_hat_filtered,-0.30418215652531555,0.15497539616475378,-0.33625247160967464,-0.032412904767918194,0.17169557886616107,0.2133313479501373,-0.04291475802920379
2024-07-11T11:31:52.200965,joint_contact,0.0,0.0,0.0,0.0,0.0,0.0,0.0
2024-07-11T11:31:52.200965,joint_collision,0.0,0.0,0.0,0.0,0.0,0.0,0.0
2024-07-11T11:31:52.200965,cartesian_collision,0.0,0.0,0.0,0.0,0.0,0.0
2024-07-11T11:31:52.242002,elbow,0.20214346337199107,-1.0
2024-07-11T11:31:52.242002,O_T_EE,-0.05770582876042419,-0.9978934765521098,0.029315417155904657,0.0,-0.9976303364792847,0.05654641944171264,-0.03894818462726353,0.0,0.03720917388038757,-0.031494093112792075,-0.9988110929891306,0.0,0.04872247520126814,-0.40640608334319733,0.14986146674504827,1.0
2024-07-11T11:31:52.242002,tau_J_d,0.0,0.0,0.0,0.0,0.0,0.0,0.0
2024-07-11T11:31:52.242002,q,-1.6501464442375378,-0.07970541118276114,0.20214346337199107,-2.7191918063270264,0.10917047527763579,2.6745511145523357,0.8683677614827949
2024-07-11T11:31:52.242002,q_d,-1.6501376951958469,-0.07970544073797127,0.20214384215338185,-2.719186201314802,0.1091725097828194,2.674555882983737,0.8683668913731327
2024-07-11T11:31:52.242002,dq,0.0002214360585688608,0.0012834707157822946,-0.006246060640030293,-4.192895863150761e-05,-2.756978017767299e-05,-0.00025956692120410505,0.007676714160748938
2024-07-11T11:31:52.242002,tau_J,-0.2640013098716736,-20.505483627319336,-0.6972149610519409,16.538461685180664,0.483725905418396,2.520336151123047,-0.08985498547554016
2024-07-11T11:31:52.242002,dtau_J,-7.880456924438477,-50.561588287353516,121.45967102050781,-73.17185974121094,4.5395002365112305,45.75566101074219,-60.89788818359375
2024-07-11T11:31:52.242002,O_F_ext_hat_K,-0.6903297206641109,-0.0774298048419819,-1.0857052275389072,0.1655213563039133,-0.5279538456051341,-0.24053549049781933
2024-07-11T11:31:52.242002,m_ee,0.7300000190734863
2024-07-11T11:31:52.242002,tau_ext_hat_filtered,-0.2352394413935002,0.16307115634897779,-0.26787782981534003,-0.045371962531321544,0.1641862773423913,0.20987804346738867,-0.03871794908906548
2024-07-11T11:31:52.242002,joint_contact,0.0,0.0,0.0,0.0,0.0,0.0,0.0
2024-07-11T11:31:52.242002,joint_collision,0.0,0.0,0.0,0.0,0.0,0.0,0.0
2024-07-11T11:31:52.242002,cartesian_collision,0.0,0.0,0.0,0.0,0.0,0.0
2024-07-11T11:31:52.283005,elbow,0.20214662621314064,-1.0
2024-07-11T11:31:52.283005,O_T_EE,-0.057692730469304454,-0.9978941459519256,0.02931841105996659,0.0,-0.9976311093953458,0.05653323380337135,-0.03894752808014036,0.0,0.03720876206724587,-0.03149655459771374,-0.9988110307129653,0.0,0.04872400149478119,-0.4064060754355488,0.14986221103635192,1.0
2024-07-11T11:31:52.283005,tau_J_d,0.0,0.0,0.0,0.0,0.0,0.0,0.0
2024-07-11T11:31:52.283005,q,-1.6501454817373398,-0.07970791672873033,0.20214662621314064,-2.7191927917926044,0.1091704752776361,2.674552231597442,0.8683587079349283
2024-07-11T11:31:52.283005,q_d,-1.6501376951958469,-0.07970544073797127,0.20214384215338185,-2.719186201314802,0.1091725097828194,2.674555882983737,0.8683668913731327
2024-07-11T11:31:52.283005,dq,-0.0006381124233843069,9.890579593204319e-05,0.0012071042283603732,-0.0005476320898018053,1.6409148399403333e-05,0.00018552742949677563,-0.002112802180058652
2024-07-11T11:31:52.283005,tau_J,-0.2640013098716736,-20.469778060913086,-0.7725933790206909,16.574167251586914,0.483725905418396,2.510265350341797,-0.008373054675757885
2024-07-11T11:31:52.283005,dtau_J,51.358154296875,22.108665466308594,-84.95635986328125,24.51628875732422,-6.421197891235352,0.41916540265083313,37.70690155029297
2024-07-11T11:31:52.283005,O_F_ext_hat_K,-0.8305488169624966,-0.11745771358692123,-1.0937619798352343,0.17968434414156068,-0.5741991990765932,-0.2941407229704486
2024-07-11T11:31:52.283005,m_ee,0.7300000190734863
2024-07-11T11:31:52.283005,tau_ext_hat_filtered,-0.2926257368652964,0.16380688149159764,-0.3173853949338405,-0.03922289915896756,0.17038033731622065,0.212701058487062,-0.043543461911336394
2024-07-11T11:31:52.283005,joint_contact,0.0,0.0,0.0,0.0,0.0,0.0,0.0
2024-07-11T11:31:52.283005,joint_collision,0.0,0.0,0.0,0.0,0.0,0.0,0.0
2024-07-11T11:31:52.283005,cartesian_collision,0.0,0.0,0.0,0.0,0.0,0.0
2024-07-11T11:31:52.323883,elbow,0.2021466262132888,-1.0
2024-07-11T11:31:52.323883,O_T_EE,-0.0577037501147893,-0.9978934615266187,0.029320019889506284,0.0,-0.9976304733104432,0.05654417781948052,-0.03894793419821083,0.0,0.037208728841392924,-0.03149859362783555,-0.9988109676497732,0.0,0.048722237186481686,-0.40640783006487774,0.14986337505755182,1.0
2024-07-11T11:31:52.323883,tau_J_d,0.0,0.0,0.0,0.0,0.0,0.0,0.0
2024-07-11T11:31:52.323883,q,-1.6501504203901423,-0.07970791683698954,0.2021466262132888,-2.7191889539506566,0.10916981399721477,2.674550275324697,0.8683655236726447
2024-07-11T11:31:52.323883,q_d,-1.6501376951958469,-0.07970544073797127,0.20214384215338185,-2.719186201314802,0.1091725097828194,2.674555882983737,0.8683668913731327
2024-07-11T11:31:52.323883,dq,-0.0014207384339890276,5.969693853532083e-05,0.0009785220769430603,0.0004570656343849142,-0.0002873739110644728,0.0005737862898150713,0.000497502944932517
2024-07-11T11:31:52.323883,tau_J,-0.22432845830917358,-20.469778060913086,-0.7725933790206909,16.498788833618164,0.492881178855896,2.499279022216797,-0.06971338391304016
2024-07-11T11:31:52.323883,dtau_J,116.20767211914062,-37.124794006347656,-99.09828186035156,-78.93020629882812,6.496564865112305,-10.411049842834473,10.548261642456055
2024-07-11T11:31:52.323883,O_F_ext_hat_K,-0.8228236729046006,-0.12213934622350915,-1.1123347490502349,0.1879427608961477,-0.5733133023973228,-0.2902784702356051
2024-07-11T11:31:52.323883,m_ee,0.7300000190734863
2024-07-11T11:31:52.323883,tau_ext_hat_filtered,-0.2867653716520043,0.17065130670945625,-0.31569058657614846,-0.04275280585713122,0.1698568724672747,0.21193220355991915,-0.044195988429749665
2024-07-11T11:31:52.323883,joint_contact,0.0,0.0,0.0,0.0,0.0,0.0,0.0
2024-07-11T11:31:52.323883,joint_collision,0.0,0.0,0.0,0.0,0.0,0.0,0.0
2024-07-11T11:31:52.323883,cartesian_collision,0.0,0.0,0.0,0.0,0.0,0.0
2024-07-11T11:31:52.364894,elbow,0.20214384215338185,-1.0
2024-07-11T11:31:52.364894,O_T_EE,-0.05770609294269775,-0.9978933187351465,0.029320268795701036,0.0,-0.9976303017185004,0.05654647743876033,-0.03894899078961498,0.0,0.03720969616443532,-0.031498989140802396,-0.998810919140584,0.0,0.04872221055079266,-0.4064085998482218,0.14986318461860995,1.0
2024-07-11T11:31:52.364894,tau_J_d,0.0,0.0,0.0,0.0,0.0,0.0,0.0
2024-07-11T11:31:52.364894,q,-1.6501482668841267,-0.07970541118320665,0.20214384215338185,-2.719186914038387,0.10917047527763579,2.6745511126740134,0.8683666425049303
2024-07-11T11:31:52.364894,q_d,-1.6501376951958469,-0.07970544073797127,0.20214384215338185,-2.719186201314802,0.1091725097828194,2.674555882983737,0.8683668913731327
2024-07-11T11:31:52.364894,dq,-0.001403570614469042,0.0009085403327248907,-9.627585715105667e-05,0.0010763046706014645,9.094561640730004e-05,-0.00020336398218159525,0.000908282035337221
2024-07-11T11:31:52.364894,tau_J,-0.22432845830917358,-20.505483627319336,-0.7329205274581909,16.498788833618164,0.483725905418396,2.520336151123047,-0.07978418469429016
2024-07-11T11:31:52.364894,dtau_J,57.392852783203125,-49.13388442993164,50.035675048828125,-96.25814056396484,-16.872150421142578,5.561672687530518,8.669013977050781
2024-07-11T11:31:52.364894,O_F_ext_hat_K,-0.8191652288545613,-0.09791057440382499,-1.0854808525497246,0.17138949007457246,-0.5689659506389562,-0.2877142007599082
2024-07-11T11:31:52.364894,m_ee,0.7300000190734863
2024-07-11T11:31:52.364894,tau_ext_hat_filtered,-0.28723971735827103,0.1618985207356583,-0.3097988144401086,-0.043800113602608846,0.16805542385478872,0.2113056378002814,-0.044725168528044756
2024-07-11T11:31:52.364894,joint_contact,0.0,0.0,0.0,0.0,0.0,0.0,0.0
2024-07-11T11:31:52.364894,joint_collision,0.0,0.0,0.0,0.0,0.0,0.0,0.0
2024-07-11T11:31:52.364894,cartesian_collision,0.0,0.0,0.0,0.0,0.0,0.0
2024-07-11T11:31:52.406005,elbow,0.20214454209422766,-1.0
2024-07-11T11:31:52.406005,O_T_EE,-0.05769878726405972,-0.9978937837516884,0.029318819880813234,0.0,-0.9976307846755463,0.05653928864781315,-0.03894705647492651,0.0,0.03720807670247718,-0.03149716162752936,-0.9988110371023698,0.0,0.0487229970697329,-0.40640557885984663,0.1498625680985344,1.0
2024-07-11T11:31:52.406005,tau_J_d,0.0,0.0,0.0,0.0,0.0,0.0,0.0
2024-07-11T11:31:52.406005,q,-1.6501454662771429,-0.07971070089659982,0.20214454209422766,-2.7191949590466407,0.10916981399721569,2.6745521156909446,0.8683632851051079
2024-07-11T11:31:52.406005,q_d,-1.6501376951958469,-0.07970544073797127,0.20214384215338185,-2.719186201314802,0.1091725097828194,2.674555882983737,0.8683668913731327
2024-07-11T11:31:52.406005,dq,0.0009684305424966041,-0.0015640464563200444,0.0007541431201896981,-0.0007788072177927728,-0.0024544484886359582,-5.2496039260179465e-05,0.005989239891817924
2024-07-11T11:31:52.406005,tau_J,-0.2997068762779236,-20.430105209350586,-0.7329205274581909,16.574167251586914,0.492881178855896,2.510265350341797,-0.04957178607583046
2024-07-11T11:31:52.406005,dtau_J,85.30581665039062,200.21499633789062,13.656227111816406,15.964162826538086,-2.2594480514526367,0.24539050459861755,17.82769203186035
2024-07-11T11:31:52.406005,O_F_ext_hat_K,-0.9183610837056426,-0.16476581025071507,-1.0946477337291747,0.195893214644104,-0.591344141717934,-0.3331875496131873
2024-07-11T11:31:52.406005,m_ee,0.7300000190734863
2024-07-11T11:31:52.406005,tau_ext_hat_filtered,-0.32929638218164675,0.1633408029537759,-0.35782163076189394,-0.029991406481641766,0.17174974233483356,0.21366687843068938,-0.041725578137906984
2024-07-11T11:31:52.406005,joint_contact,0.0,0.0,0.0,0.0,0.0,0.0,0.0
2024-07-11T11:31:52.406005,joint_collision,0.0,0.0,0.0,0.0,0.0,0.0,0.0
2024-07-11T11:31:52.406005,cartesian_collision,0.0,0.0,0.0,0.0,0.0,0.0
2024-07-11T11:31:52.447050,elbow,0.20214384215338366,-1.0
2024-07-11T11:31:52.447050,O_T_EE,-0.05769836309827438,-0.9978939029895486,0.029315596075697198,0.0,-0.9976307538959908,0.056538944022664316,-0.03894834516288678,0.0,0.037209559723391655,-0.03149400233233157,-0.9988110814775146,0.0,0.04872266256604666,-0.40640569902333784,0.14986116017598525,1.0
2024-07-11T11:31:52.447050,tau_J_d,0.0,0.0,0.0,0.0,0.0,0.0,0.0
2024-07-11T11:31:52.447050,q,-1.6501462058207204,-0.07970541118320665,0.20214384215338366,-2.7191929697119415,0.10917161118763465,2.6745522159859023,0.8683598270764208
2024-07-11T11:31:52.447050,q_d,-1.6501376951958469,-0.07970544073797127,0.20214384215338185,-2.719186201314802,0.1091725097828194,2.674555882983737,0.8683668913731327
2024-07-11T11:31:52.447050,dq,-0.00021253841870629939,0.0005742174767211736,-0.00010767822267002408,-0.0006737046040681562,0.0006130164189997164,0.0003232787035631925,-0.0012470714187021057
2024-07-11T11:31:52.447050,tau_J,-0.2640013098716736,-20.505483627319336,-0.7329205274581909,16.574167251586914,0.474570631980896,2.510265350341797,-0.01844385638833046
2024-07-11T11:31:52.447050,dtau_J,78.88800048828125,-18.70050811767578,48.675209045410156,80.18305969238281,16.826087951660156,10.056543350219727,35.80323028564453
2024-07-11T11:31:52.447050,O_F_ext_hat_K,-0.7610223355891916,-0.11961156747144232,-1.0557535724202487,0.16980358798770648,-0.5506710651973986,-0.26877447741159927
2024-07-11T11:31:52.447050,m_ee,0.7300000190734863
2024-07-11T11:31:52.447050,tau_ext_hat_filtered,-0.26780445171985534,0.1532019805812522,-0.2915651906004768,-0.027183859605313252,0.16714907090332243,0.21135137636464543,-0.04111061361668066
2024-07-11T11:31:52.447050,joint_contact,0.0,0.0,0.0,0.0,0.0,0.0,0.0
2024-07-11T11:31:52.447050,joint_collision,0.0,0.0,0.0,0.0,0.0,0.0,0.0
2024-07-11T11:31:52.447050,cartesian_collision,0.0,0.0,0.0,0.0,0.0,0.0
2024-07-11T11:31:52.488070,elbow,0.2021438421533819,-1.0
2024-07-11T11:31:52.488070,O_T_EE,-0.05769517730340229,-0.9978941963830796,0.029311878856621863,0.0,-0.9976309615764883,0.056535927158303176,-0.03894740486259204,0.0,0.03720893141588422,-0.031490121600821916,-0.9988112272418916,0.0,0.04872386280444136,-0.40640438427710845,0.14986047377142478,1.0
2024-07-11T11:31:52.488070,tau_J_d,0.0,0.0,0.0,0.0,0.0,0.0,0.0
2024-07-11T11:31:52.488070,q,-1.6501429849095397,-0.07970541118320665,0.2021438421533819,-2.719194241933235,0.10917047527763579,2.6745496998231753,0.868360945890761
2024-07-11T11:31:52.488070,q_d,-1.6501376951958469,-0.07970544073797127,0.20214384215338185,-2.719186201314802,0.1091725097828194,2.674555882983737,0.8683668913731327
2024-07-11T11:31:52.488070,dq,0.00018976877085033318,0.0006236573561656552,-0.0013630811178780857,-0.0005064665238805744,-0.00012985961136226042,-0.00032277172919303204,-0.0006094649315702405
2024-07-11T11:31:52.488070,tau_J,-0.2997068762779236,-20.505483627319336,-0.7329205274581909,16.574167251586914,0.483725905418396,2.520336151123047,-0.02851465716958046
2024-07-11T11:31:52.488070,dtau_J,-21.02421760559082,-69.44440460205078,10.442246437072754,-23.04904556274414,-8.560517311096191,-0.9095096588134766,15.192023277282715
2024-07-11T11:31:52.488070,O_F_ext_hat_K,-0.7189503968306106,-0.10780767692637068,-1.0769072085980091,0.17182016986970783,-0.5384472570332953,-0.2522277047893785
2024-07-11T11:31:52.488070,m_ee,0.7300000190734863
2024-07-11T11:31:52.488070,tau_ext_hat_filtered,-0.251072752069301,0.1592744570790779,-0.2753579300490462,-0.0335425769807769,0.16622431999825832,0.21170463508720616,-0.040295547169077434
2024-07-11T11:31:52.488070,joint_contact,0.0,0.0,0.0,0.0,0.0,0.0,0.0
2024-07-11T11:31:52.488070,joint_collision,0.0,0.0,0.0,0.0,0.0,0.0,0.0
2024-07-11T11:31:52.488070,cartesian_collision,0.0,0.0,0.0,0.0,0.0,0.0
2024-07-11T11:31:52.529984,elbow,0.20214377179745208,-1.0
2024-07-11T11:31:52.529984,O_T_EE,-0.057695682150757516,-0.9978940807936914,0.029314820130454434,0.0,-0.9976309499182228,0.05653633141683524,-0.03894711666348335,0.0,0.03720846117432998,-0.031493058656101386,-0.998811152157164,0.0,0.04872308946394723,-0.40640645684764864,0.14986193150074115,1.0
2024-07-11T11:31:52.529984,tau_J_d,0.0,0.0,0.0,0.0,0.0,0.0,0.0
2024-07-11T11:31:52.529984,q,-1.6501454935066606,-0.07970541118320604,0.20214377179745208,-2.7191896195131093,0.10916844077242745,2.674547935679821,0.8683608090796012
2024-07-11T11:31:52.529984,q_d,-1.6501376951958469,-0.07970544073797127,0.20214384215338185,-2.719186201314802,0.1091725097828194,2.674555882983737,0.8683668913731327
2024-07-11T11:31:52.529984,dq,-0.00024966224627379145,0.0006976222457298421,0.0033759738995187017,0.00030172008082704846,-0.00047547891700743596,-0.00036637499855465784,-0.0010655173716945599
2024-07-11T11:31:52.529984,tau_J,-0.2640013098716736,-20.505483627319336,-0.7329205274581909,16.538461685180664,0.502036452293396,2.520336151123047,0.001697746105492115
2024-07-11T11:31:52.529984,dtau_J,7.626270294189453,-6.4774556159973145,5.073564529418945,-64.38809204101562,26.69877815246582,27.469985961914062,47.482643127441406
2024-07-11T11:31:52.529984,O_F_ext_hat_K,-0.8386767020984793,-0.11132960428909626,-1.072607900300404,0.17063054231184238,-0.5707548289800357,-0.3003700394649656
2024-07-11T11:31:52.529984,m_ee,0.7300000190734863
2024-07-11T11:31:52.529984,tau_ext_hat_filtered,-0.2960797523887157,0.1563684391893257,-0.32602260210778394,-0.036607484831542234,0.16988457444514662,0.21295000545191986,-0.04012493772575658
2024-07-11T11:31:52.529984,joint_contact,0.0,0.0,0.0,0.0,0.0,0.0,0.0
2024-07-11T11:31:52.529984,joint_collision,0.0,0.0,0.0,0.0,0.0,0.0,0.0
2024-07-11T11:31:52.529984,cartesian_collision,0.0,0.0,0.0,0.0,0.0,0.0
2024-07-11T11:31:52.537755,elbow,0.20214662491060473,-1.0
2024-07-11T11:31:52.537755,O_T_EE,-0.057700095182481384,-0.9978935377664969,0.02932461766171458,0.0,-0.9976306691626043,0.056540334879573904,-0.03894849649329223,0.0,0.03720914564492564,-0.03150307642751411,-0.9988108107424433,0.0,0.04872230051077742,-0.40640911057249507,0.14986501862303944,1.0
2024-07-11T11:31:52.537755,tau_J_d,0.0,0.0,0.0,0.0,0.0,0.0,0.0
2024-07-11T11:31:52.537755,q,-1.650150438050844,-0.07971070086066191,0.20214662491060473,-2.7191875473969573,0.10917083124981987,2.674550604398074,0.8683609459089386
2024-07-11T11:31:52.537755,q_d,-1.6501376951958469,-0.07970544073797127,0.20214384215338185,-2.719186201314802,0.1091725097828194,2.674555882983737,0.8683668913731327
2024-07-11T11:31:52.537755,dq,-0.00019221033471870675,-0.0010461046769529231,0.0009446929438814542,0.0017762468517630733,0.00012057782577434523,-0.00026689341838339264,0.010849953116771902
2024-07-11T11:31:52.537755,tau_J,-0.22432845830917358,-20.430105209350586,-0.7725933790206909,16.498788833618164,0.483725905418396,2.520336151123047,-0.02851465716958046
2024-07-11T11:31:52.537755,dtau_J,133.3975067138672,84.00666046142578,-160.0779266357422,-105.85771942138672,-7.784894943237305,11.170804977416992,-31.14161491394043
2024-07-11T11:31:52.537755,O_F_ext_hat_K,-0.8199545011236655,-0.11218231946143854,-1.058463689238692,0.1666582467420928,-0.5659062284216049,-0.2942957155739644
2024-07-11T11:31:52.537755,m_ee,0.7300000190734863
2024-07-11T11:31:52.537755,tau_ext_hat_filtered,-0.2876628380361335,0.1522719704522038,-0.32252352571322274,-0.03195331515353814,0.16984489367960426,0.21285955112283986,-0.03835104475556312
2024-07-11T11:31:52.537755,joint_contact,0.0,0.0,0.0,0.0,0.0,0.0,0.0
2024-07-11T11:31:52.537755,joint_collision,0.0,0.0,0.0,0.0,0.0,0.0,0.0
2024-07-11T11:31:52.537755,cartesian_collision,0.0,0.0,0.0,0.0,0.0,0.0
2024-07-11T11:31:52.547691,elbow,0.2021413364995916,-1.0
2024-07-11T11:31:52.547691,O_T_EE,-0.0577056686124124,-0.9978932274474079,0.029324210574180807,0.0,-0.9976303542438882,0.0565459234801321,-0.03894844965080878,0.0,0.037208945946387746,-0.031502875439532174,-0.9988108245211405,0.0,0.04872163987022328,-0.40640785107757754,0.14986392136666407,1.0
2024-07-11T11:31:52.547691,tau_J_d,0.0,0.0,0.0,0.0,0.0,0.0,0.0
2024-07-11T11:31:52.547691,q,-1.6501462795261685,-0.07971070089674812,0.2021413364995916,-2.719191832525924,0.10917047527964527,2.674554572783613,0.8683655235270659
2024-07-11T11:31:52.547691,q_d,-1.6501376951958469,-0.07970544073797127,0.20214384215338185,-2.719186201314802,0.1091725097828194,2.674555882983737,0.8683668913731327
2024-07-11T11:31:52.547691,dq,-0.0009674876497120537,2.0397425679720888e-05,-0.0005839090211894781,0.0003585916542506887,0.0002248775324230396,0.0009912697156350893,0.0017502093844137946
2024-07-11T11:31:52.547691,tau_J,-0.2640013098716736,-20.430105209350586,-0.6972149610519409,16.538461685180664,0.483725905418396,2.489208221435547,-0.06971338391304016
2024-07-11T11:31:52.547691,dtau_J,-19.57921600341797,33.68773651123047,56.785430908203125,11.57905101776123,9.897872924804688,-42.01229476928711,-30.26593589782715
2024-07-11T11:31:52.547691,O_F_ext_hat_K,-0.7809185050112093,-0.11156829133332578,-1.083569587802277,0.17597521083155016,-0.5558558405914832,-0.2784831122433993
2024-07-11T11:31:52.547691,m_ee,0.7300000190734863
2024-07-11T11:31:52.547691,tau_ext_hat_filtered,-0.2699059569286748,0.16202996887144994,-0.3089385211875198,-0.03805471042827667,0.1687204553054319,0.21116510139225203,-0.03813869309386206
2024-07-11T11:31:52.547691,joint_contact,0.0,0.0,0.0,0.0,0.0,0.0,0.0
2024-07-11T11:31:52.547691,joint_collision,0.0,0.0,0.0,0.0,0.0,0.0,0.0
2024-07-11T11:31:52.547691,cartesian_collision,0.0,0.0,0.0,0.0,0.0,0.0
