timestamp,attribute_name,values
2024-07-11T11:32:26.587679,elbow,0.20214133649959895,-1.0
2024-07-11T11:32:26.587679,O_T_EE,-0.05770011517637949,-0.997893755016646,0.029317184527487744,0.0,-0.9976306352452445,0.05654061723702956,-0.03894895536255026,0.0,0.037210024020143465,-0.031495687023752286,-0.9988110110583094,0.0,0.048721869713733296,-0.40640554077747837,0.1498608201832553,1.0
2024-07-11T11:32:26.587679,tau_J_d,0.0,0.0,0.0,0.0,0.0,0.0,0.0
2024-07-11T11:32:26.587679,q,-1.6501454817333523,-0.07970541118320665,0.20214133649959895,-2.7191949478067547,0.1091726632395944,2.674555793973913,0.8683587079349283
2024-07-11T11:32:26.587679,q_d,-1.6501376951958469,-0.07970544073797127,0.20214384215338185,-2.719186201314802,0.1091725097828194,2.674555882983737,0.8683668913731327
2024-07-11T11:32:26.587679,dq,-2.675744337419224e-05,0.0024044947437007313,-0.0005847986701718829,-0.00033337784787229856,-0.0005242883397871884,0.0012578972906694085,-0.0011036999615072322
2024-07-11T11:32:26.587679,tau_J,-0.2640013098716736,-20.505483627319336,-0.6972149610519409,16.574167251586914,0.492881178855896,2.478221893310547,-0.008373054675757885
2024-07-11T11:32:26.587679,dtau_J,-6.059038162231445,-112.23667907714844,18.153106689453125,45.542884826660156,17.271739959716797,-91.70452117919922,-5.213174343109131
2024-07-11T11:32:26.587679,O_F_ext_hat_K,-0.8283238927064867,-0.042781454663258514,-0.9082804839529709,0.08705778091128932,-0.5753024576766798,-0.29489852852609344
2024-07-11T11:32:26.587679,m_ee,0.7300000190734863
2024-07-11T11:32:26.587679,tau_ext_hat_filtered,-0.2911991714190041,0.09643194968363877,-0.32097221489973066,-0.006210740185329379,0.1709062207991111,0.2208426486764474,-0.038429762264349375
2024-07-11T11:32:26.587679,joint_contact,0.0,0.0,0.0,0.0,0.0,0.0,0.0
2024-07-11T11:32:26.587679,joint_collision,0.0,0.0,0.0,0.0,0.0,0.0,0.0
2024-07-11T11:32:26.587679,cartesian_collision,0.0,0.0,0.0,0.0,0.0,0.0
2024-07-11T11:32:26.597645,elbow,0.20213883084581608,-1.0
2024-07-11T11:32:26.597645,O_T_EE,-0.05770446528208628,-0.9978936612561528,0.0293118135315379,0.0,-0.9976304379090087,0.05654521742723857,-0.03894733167745823,0.0,0.03720856891470226,-0.03149039860574252,-0.9988112320128221,0.0,0.04872163485859519,-0.4064035473902932,0.14986037210421238,1.0
2024-07-11T11:32:26.597645,tau_J_d,0.0,0.0,0.0,0.0,0.0,0.0,0.0
2024-07-11T11:32:26.597645,q,-1.6501429849093885,-0.07970791683698954,0.20213883084581608,-2.7191977664325484,0.10917047529572932,2.6745507569849596,0.868365170314356
2024-07-11T11:32:26.597645,q_d,-1.6501376951958469,-0.07970544073797127,0.20214384215338185,-2.719186201314802,0.1091725097828194,2.674555882983737,0.8683668913731327
2024-07-11T11:32:26.597645,dq,0.0016068487832225713,-0.0005032233099936823,-0.0013209577500185423,-0.000706561828326239,-0.00011262334655368806,-0.0005011601114779245,0.0014516373307024452
2024-07-11T11:32:26.597645,tau_J,-0.2997068762779236,-20.469778060913086,-0.6615093946456909,16.613840103149414,0.483725905418396,2.520336151123047,-0.06971338391304016
2024-07-11T11:32:26.597645,dtau_J,-67.82003021240234,-54.652122497558594,102.16964721679688,104.2183837890625,-22.27724838256836,8.96058177947998,-28.25759506225586
2024-07-11T11:32:26.597645,O_F_ext_hat_K,-0.7586961051476486,-0.08983250820876384,-1.026536662703893,0.1471610776607396,-0.5552345918432253,-0.2662159258265652
2024-07-11T11:32:26.597645,m_ee,0.7300000190734863
2024-07-11T11:32:26.597645,tau_ext_hat_filtered,-0.2629814491091922,0.14097540805637862,-0.29185412163304103,-0.024971685193308113,0.1680480444745416,0.21434850461385185,-0.04110261280963298
2024-07-11T11:32:26.597645,joint_contact,0.0,0.0,0.0,0.0,0.0,0.0,0.0
2024-07-11T11:32:26.597645,joint_collision,0.0,0.0,0.0,0.0,0.0,0.0,0.0
2024-07-11T11:32:26.597645,cartesian_collision,0.0,0.0,0.0,0.0,0.0,0.0
2024-07-11T11:32:26.607682,elbow,0.20214133649959895,-1.0
2024-07-11T11:32:26.607682,O_T_EE,-0.05771184619900921,-0.9978931439080054,0.029314894693778824,0.0,-0.9976299376377739,0.05655240673010318,-0.03894970761241731,0.0,0.03721053475378166,-0.03149388245526691,-0.9988110489332962,0.0,0.04872097075857836,-0.40640666817973226,0.14986093153138128,1.0
2024-07-11T11:32:26.607682,tau_J_d,0.0,0.0,0.0,0.0,0.0,0.0,0.0
2024-07-11T11:32:26.607682,q,-1.6501485042112414,-0.07970262712344788,0.20214133649959895,-2.7191904951426036,0.10917250978284422,2.6745522331034843,0.8683677614808011
2024-07-11T11:32:26.607682,q_d,-1.6501376951958469,-0.07970544073797127,0.20214384215338185,-2.719186201314802,0.1091725097828194,2.674555882983737,0.8683668913731327
2024-07-11T11:32:26.607682,dq,-0.0018517442473550416,0.0010432113796652771,-0.0007908996695671606,-2.7832558240261346e-05,0.0007507573234027135,0.0003775953522064625,0.0012306217748713649
2024-07-11T11:32:26.607682,tau_J,-0.22432845830917358,-20.545156478881836,-0.6972149610519409,16.538461685180664,0.465415358543396,2.510265350341797,-0.08985498547554016
2024-07-11T11:32:26.607682,dtau_J,84.16671752929688,-215.08126831054688,128.909912109375,36.8181037902832,-47.61954116821289,-3.0666162967681885,-22.028766632080078
2024-07-11T11:32:26.607682,O_F_ext_hat_K,-0.7771875791540789,-0.10426682560209433,-1.0931906964955898,0.17654491142308995,-0.5584368933172809,-0.272301699389793
2024-07-11T11:32:26.607682,m_ee,0.7300000190734863
2024-07-11T11:32:26.607682,tau_ext_hat_filtered,-0.267912065226877,0.16526336475463693,-0.2987259598169828,-0.042082978530171185,0.1673859109396485,0.21088942463643384,-0.04296257465644289
2024-07-11T11:32:26.607682,joint_contact,0.0,0.0,0.0,0.0,0.0,0.0,0.0
2024-07-11T11:32:26.607682,joint_collision,0.0,0.0,0.0,0.0,0.0,0.0,0.0
2024-07-11T11:32:26.607682,cartesian_collision,0.0,0.0,0.0,0.0,0.0,0.0
2024-07-11T11:32:26.617747,elbow,0.20214133356978672,-1.0
2024-07-11T11:32:26.617747,O_T_EE,-0.05769705322472275,-0.997893912861123,0.02931783800197205,0.0,-0.9976308656057318,0.05653757872932451,-0.038947465686383576,0.0,0.03720859573636915,-0.031496140502575994,-0.9988110499672946,0.0,0.04872195150243768,-0.40640635971553074,0.14986231100075964,1.0
2024-07-11T11:32:26.617747,tau_J_d,0.0,0.0,0.0,0.0,0.0,0.0,0.0
2024-07-11T11:32:26.617747,q,-1.6501454817341994,-0.07970789053000127,0.20214133356978672,-2.719192261324171,0.10916945802503161,2.674551075366296,0.8683587077734227
2024-07-11T11:32:26.617747,q_d,-1.6501376951958469,-0.07970544073797127,0.20214384215338185,-2.719186201314802,0.1091725097828194,2.674555882983737,0.8683668913731327
2024-07-11T11:32:26.617747,dq,-0.00044986348159537117,-0.00013644252707757488,-0.0008822102592892521,-0.00023291374894972603,-0.0003434051424046977,-0.00015819220696908215,-0.001738972585155484
2024-07-11T11:32:26.617747,tau_J,-0.2640013098716736,-20.469778060913086,-0.6972149610519409,16.538461685180664,0.492881178855896,2.520336151123047,-0.008373054675757885
2024-07-11T11:32:26.617747,dtau_J,9.577847480773926,33.70564651489258,139.9136962890625,-88.82715606689453,14.4952974319458,-3.707143783569336,-18.817626953125
2024-07-11T11:32:26.617747,O_F_ext_hat_K,-0.7766725773051247,-0.09947892446880757,-1.1000003461963395,0.17640208450614636,-0.5586148531291316,-0.2702614702773604
2024-07-11T11:32:26.617747,m_ee,0.7300000190734863
2024-07-11T11:32:26.617747,tau_ext_hat_filtered,-0.26727881138727533,0.16671189812375184,-0.2952589360127977,-0.04456090525032389,0.16642995240309397,0.21139135526101077,-0.04480269628757236
2024-07-11T11:32:26.617747,joint_contact,0.0,0.0,0.0,0.0,0.0,0.0,0.0
2024-07-11T11:32:26.617747,joint_collision,0.0,0.0,0.0,0.0,0.0,0.0,0.0
2024-07-11T11:32:26.617747,cartesian_collision,0.0,0.0,0.0,0.0,0.0,0.0
2024-07-11T11:32:26.627633,elbow,0.2021413365355847,-1.0
2024-07-11T11:32:26.627633,O_T_EE,-0.05770426760104471,-0.99789361030887,0.02931393707035548,0.0,-0.9976304600487741,0.05654494617541279,-0.038947158382860114,0.0,0.03720828187083768,-0.03149250010318007,-0.9988111764480169,0.0,0.04872186341601972,-0.40640562876973846,0.14986116803816968,1.0
2024-07-11T11:32:26.627633,tau_J_d,0.0,0.0,0.0,0.0,0.0,0.0,0.0
2024-07-11T11:32:26.627633,q,-1.6501457201514327,-0.07970541995205424,0.2021413365355847,-2.719192405259484,0.10916844077242745,2.674550015727948,0.8683666425049295
2024-07-11T11:32:26.627633,q_d,-1.6501376951958469,-0.07970544073797127,0.20214384215338185,-2.719186201314802,0.1091725097828194,2.674555882983737,0.8683668913731327
2024-07-11T11:32:26.627633,dq,-0.0003938128563591866,-0.0011089728462847905,-0.0009395057060567757,-0.00082457082344468,-0.00043531203044442507,0.00011163792481328027,0.0017389129757535385
2024-07-11T11:32:26.627633,tau_J,-0.2640013098716736,-20.505483627319336,-0.6972149610519409,16.574167251586914,0.502036452293396,2.520336151123047,-0.07978418469429016
2024-07-11T11:32:26.627633,dtau_J,22.465679168701172,-79.14849090576172,155.0123291015625,58.1385612487793,21.784460067749023,-0.12245349586009979,-29.391490936279297
2024-07-11T11:32:26.627633,O_F_ext_hat_K,-0.7869184112854278,-0.15620370714501117,-1.2440180264269085,0.24529811384799463,-0.554653375068613,-0.2770125742760586
2024-07-11T11:32:26.627633,m_ee,0.7300000190734863
2024-07-11T11:32:26.627633,tau_ext_hat_filtered,-0.2743273265909512,0.21598377509907066,-0.30078289745485065,-0.06918083112140139,0.16686488660678592,0.20766050334523067,-0.04490134872467214
2024-07-11T11:32:26.627633,joint_contact,0.0,0.0,0.0,0.0,0.0,0.0,0.0
2024-07-11T11:32:26.627633,joint_collision,0.0,0.0,0.0,0.0,0.0,0.0,0.0
2024-07-11T11:32:26.627633,cartesian_collision,0.0,0.0,0.0,0.0,0.0,0.0
2024-07-11T11:32:26.637571,elbow,0.20214384215338735,-1.0
2024-07-11T11:32:26.637571,O_T_EE,-0.05770512077407726,-0.9978935272638978,0.02931508455512468,0.0,-0.9976303822828554,0.0565457294355563,-0.038948013171057595,0.0,0.037209043792948975,-0.031493725167131476,-0.9988111094371706,0.0,0.04872182195949471,-0.406405943979475,0.1498613144426457,1.0
2024-07-11T11:32:26.637571,tau_J_d,0.0,0.0,0.0,0.0,0.0,0.0,0.0
2024-07-11T11:32:26.637571,q,-1.650148345301811,-0.07970541118454316,0.20214384215338735,-2.7191922324529316,0.10917047527763579,2.674551114444668,0.8683655235270658
2024-07-11T11:32:26.637571,q_d,-1.6501376951958469,-0.07970544073797127,0.20214384215338185,-2.719186201314802,0.1091725097828194,2.674555882983737,0.8683668913731327
2024-07-11T11:32:26.637571,dq,-0.0012862907292677576,0.0003823269783046195,-0.00615887073546175,0.0002560346376095192,8.28719761053394e-06,-8.588046134320992e-05,0.0010776840574412514
2024-07-11T11:32:26.637571,tau_J,-0.22432845830917358,-20.505483627319336,-0.7329205274581909,16.538461685180664,0.483725905418396,2.520336151123047,-0.06971338391304016
2024-07-11T11:32:26.637571,dtau_J,73.66981506347656,-54.787322998046875,-18.325439453125,-36.150550842285156,7.17653751373291,8.032541275024414,0.7054815292358398
2024-07-11T11:32:26.637571,O_F_ext_hat_K,-0.7751752067080829,-0.11099926104011376,-1.142860023037524,0.19371643058685412,-0.5559666900518568,-0.2717082322843391
2024-07-11T11:32:26.637571,m_ee,0.7300000190734863
2024-07-11T11:32:26.637571,tau_ext_hat_filtered,-0.2691694578619969,0.17997558309068004,-0.2959863905689855,-0.05201568224617351,0.16757431149251847,0.2115918748012103,-0.0434479000050567
2024-07-11T11:32:26.637571,joint_contact,0.0,0.0,0.0,0.0,0.0,0.0,0.0
2024-07-11T11:32:26.637571,joint_collision,0.0,0.0,0.0,0.0,0.0,0.0,0.0
2024-07-11T11:32:26.637571,cartesian_collision,0.0,0.0,0.0,0.0,0.0,0.0
2024-07-11T11:32:26.647738,elbow,0.20214384215338735,-1.0
2024-07-11T11:32:26.647738,O_T_EE,-0.05770512077407726,-0.9978935272638978,0.02931508455512468,0.0,-0.9976303822828554,0.0565457294355563,-0.038948013171057595,0.0,0.037209043792948975,-0.031493725167131476,-0.9988111094371706,0.0,0.04872182195949471,-0.406405943979475,0.1498613144426457,1.0
2024-07-11T11:32:26.647738,tau_J_d,0.0,0.0,0.0,0.0,0.0,0.0,0.0
2024-07-11T11:32:26.647738,q,-1.650148345301811,-0.07970541118454316,0.20214384215338735,-2.7191922324529316,0.10917047527763579,2.674551114444668,0.8683655235270658
2024-07-11T11:32:26.647738,q_d,-1.6501376951958469,-0.07970544073797127,0.20214384215338185,-2.719186201314802,0.1091725097828194,2.674555882983737,0.8683668913731327
2024-07-11T11:32:26.647738,dq,-0.0012862907292677576,0.0003823269783046195,-0.00615887073546175,0.0002560346376095192,8.28719761053394e-06,-8.588046134320992e-05,0.0010776840574412514
2024-07-11T11:32:26.647738,tau_J,-0.22432845830917358,-20.505483627319336,-0.7329205274581909,16.538461685180664,0.483725905418396,2.520336151123047,-0.06971338391304016
2024-07-11T11:32:26.647738,dtau_J,73.66981506347656,-54.787322998046875,-18.325439453125,-36.150550842285156,7.17653751373291,8.032541275024414,0.7054815292358398
2024-07-11T11:32:26.647738,O_F_ext_hat_K,-0.7751752067080829,-0.11099926104011376,-1.142860023037524,0.19371643058685412,-0.5559666900518568,-0.2717082322843391
2024-07-11T11:32:26.647738,m_ee,0.7300000190734863
2024-07-11T11:32:26.647738,tau_ext_hat_filtered,-0.2691694578619969,0.17997558309068004,-0.2959863905689855,-0.05201568224617351,0.16757431149251847,0.2115918748012103,-0.0434479000050567
2024-07-11T11:32:26.647738,joint_contact,0.0,0.0,0.0,0.0,0.0,0.0,0.0
2024-07-11T11:32:26.647738,joint_collision,0.0,0.0,0.0,0.0,0.0,0.0,0.0
2024-07-11T11:32:26.647738,cartesian_collision,0.0,0.0,0.0,0.0,0.0,0.0
2024-07-11T11:32:26.687926,elbow,0.20214654710821084,-1.0
2024-07-11T11:32:26.687926,O_T_EE,-0.05769994381376984,-0.9978939818711965,0.029309799220473654,0.0,-0.9976306942373784,0.056540775880447654,-0.03894721401450865,0.0,0.037208708069834354,-0.031488213650307566,-0.9988112957135028,0.0,0.04872253115503423,-0.40640309210999825,0.14985938744929148,1.0
2024-07-11T11:32:26.687926,tau_J_d,0.0,0.0,0.0,0.0,0.0,0.0,0.0
2024-07-11T11:32:26.687926,q,-1.650148343850053,-0.07970541118320665,0.20214654710821084,-2.719197663829583,0.10917149253023996,2.674551112997764,0.8683620648686255
2024-07-11T11:32:26.687926,q_d,-1.6501376951958469,-0.07970544073797127,0.20214384215338185,-2.719186201314802,0.1091725097828194,2.674555882983737,0.8683668913731327
2024-07-11T11:32:26.687926,dq,0.00019750385926808634,0.001315696761832984,-0.00013310414471238356,-0.0015627463728590748,0.0005842908336157597,5.976081915342982e-05,0.0005481046976050282
2024-07-11T11:32:26.687926,tau_J,-0.2640013098716736,-20.505483627319336,-0.7725933790206909,16.613840103149414,0.474570631980896,2.520336151123047,-0.03858545795083046
2024-07-11T11:32:26.687926,dtau_J,28.69925880432129,-41.644493103027344,18.534557342529297,184.0782928466797,-7.961944103240967,-2.157848834991455,-38.422786712646484
2024-07-11T11:32:26.687926,O_F_ext_hat_K,-0.6771112410508546,-0.0714234722778071,-1.0744513985841198,0.15614263663656416,-0.5355118694439108,-0.23186384796675694
2024-07-11T11:32:26.687926,m_ee,0.7300000190734863
2024-07-11T11:32:26.687926,tau_ext_hat_filtered,-0.22522181106535444,0.15668215762876386,-0.26160886655700005,-0.03851726035255023,0.16564798393703675,0.2137652051326421,-0.04140959139679635
2024-07-11T11:32:26.687926,joint_contact,0.0,0.0,0.0,0.0,0.0,0.0,0.0
2024-07-11T11:32:26.687926,joint_collision,0.0,0.0,0.0,0.0,0.0,0.0,0.0
2024-07-11T11:32:26.687926,cartesian_collision,0.0,0.0,0.0,0.0,0.0,0.0
2024-07-11T11:32:26.728918,elbow,0.20214663496169066,-1.0
2024-07-11T11:32:26.728918,O_T_EE,-0.057692354477744526,-0.9978940407647362,0.029322730811600622,0.0,-0.9976311234975204,0.05653268321736173,-0.03894796603840813,0.0,0.03720896694551116,-0.03150087523593037,-0.9988108868240365,0.0,0.04872519036663727,-0.4064077269749714,0.14986429334659812,1.0
2024-07-11T11:32:26.728918,tau_J_d,0.0,0.0,0.0,0.0,0.0,0.0,0.0
2024-07-11T11:32:26.728918,q,-1.65014297640657,-0.07971070086066191,0.20214663496169066,-2.719189651232674,0.10917047527763579,2.6745507613456105,0.868360945890761
2024-07-11T11:32:26.728918,q_d,-1.6501376951958469,-0.07970544073797127,0.20214384215338185,-2.719186201314802,0.1091725097828194,2.674555882983737,0.8683668913731327
2024-07-11T11:32:26.728918,dq,0.00041134158924558236,-0.001140991031441402,0.002486348183951925,0.0005323127028064783,0.0003437792740134213,-0.0002846451494022632,-0.0001047130887233954
2024-07-11T11:32:26.728918,tau_J,-0.2997068762779236,-20.430105209350586,-0.7725933790206909,16.538461685180664,0.483725905418396,2.520336151123047,-0.02851465716958046
2024-07-11T11:32:26.728918,dtau_J,-58.18095779418945,4.810543537139893,-73.8306884765625,-4.562750816345215,-3.7450060844421387,20.717037200927734,42.21319580078125
2024-07-11T11:32:26.728918,O_F_ext_hat_K,-0.8875946000632807,-0.1354749416670012,-1.0954945145380077,0.183489671340391,-0.5941627428876997,-0.3159093904143803
2024-07-11T11:32:26.728918,m_ee,0.7300000190734863
2024-07-11T11:32:26.728918,tau_ext_hat_filtered,-0.31115761835205596,0.16174481075665967,-0.34252681099618953,-0.033619656923323415,0.1723622799619646,0.2160085295486884,-0.04503422736533149
2024-07-11T11:32:26.728918,joint_contact,0.0,0.0,0.0,0.0,0.0,0.0,0.0
2024-07-11T11:32:26.728918,joint_collision,0.0,0.0,0.0,0.0,0.0,0.0,0.0
2024-07-11T11:32:26.728918,cartesian_collision,0.0,0.0,0.0,0.0,0.0,0.0
2024-07-11T11:32:26.769904,elbow,0.20214384215338002,-1.0
2024-07-11T11:32:26.769904,O_T_EE,-0.05769782645239389,-0.9978938605437653,0.029318097021086672,0.0,-0.9976308198474052,0.05653833999365618,-0.03894753268904884,0.0,0.03720862359769028,-0.03149643155326259,-0.9988110397514517,0.0,0.04872264907807018,-0.40640635841461076,0.1498623485521585,1.0
2024-07-11T11:32:26.769904,tau_J_d,0.0,0.0,0.0,0.0,0.0,0.0,0.0
2024-07-11T11:32:26.769904,q,-1.6501461970980558,-0.07970791683698954,0.20214384215338002,-2.719192224017891,0.10916981399721569,2.6745513899959628,0.868360945890761
2024-07-11T11:32:26.769904,q_d,-1.6501376951958469,-0.07970544073797127,0.20214384215338185,-2.719186201314802,0.1091725097828194,2.674555882983737,0.8683668913731327
2024-07-11T11:32:26.769904,dq,-0.00017752681179575367,0.000612502459169473,-0.00023648553044884371,-0.0005775738758671174,5.760451469335775e-05,0.0009737345496775493,-0.00794862781843867
2024-07-11T11:32:26.769904,tau_J,-0.2640013098716736,-20.469778060913086,-0.7329205274581909,16.574167251586914,0.492881178855896,2.489208221435547,-0.02851465716958046
2024-07-11T11:32:26.769904,dtau_J,-32.34410858154297,0.32693925499916077,3.510927677154541,21.140666961669922,-6.355595588684082,-40.83959197998047,64.30554962158203
2024-07-11T11:32:26.769904,O_F_ext_hat_K,-0.7817323921880621,-0.12311342014890556,-1.10751390046012,0.18322580930679208,-0.5624181928801948,-0.2735174056296832
2024-07-11T11:32:26.769904,m_ee,0.7300000190734863
2024-07-11T11:32:26.769904,tau_ext_hat_filtered,-0.2702444241582361,0.1658422442922988,-0.2989815682734127,-0.03553543699345674,0.1679651220147094,0.21543830009497886,-0.04460075507240926
2024-07-11T11:32:26.769904,joint_contact,0.0,0.0,0.0,0.0,0.0,0.0,0.0
2024-07-11T11:32:26.769904,joint_collision,0.0,0.0,0.0,0.0,0.0,0.0,0.0
2024-07-11T11:32:26.769904,cartesian_collision,0.0,0.0,0.0,0.0,0.0,0.0
2024-07-11T11:32:26.810912,elbow,0.20214384215338002,-1.0
2024-07-11T11:32:26.810912,O_T_EE,-0.05769782645239389,-0.9978938605437653,0.029318097021086672,0.0,-0.9976308198474052,0.05653833999365618,-0.03894753268904884,0.0,0.03720862359769028,-0.03149643155326259,-0.9988110397514517,0.0,0.04872264907807018,-0.40640635841461076,0.1498623485521585,1.0
2024-07-11T11:32:26.810912,tau_J_d,0.0,0.0,0.0,0.0,0.0,0.0,0.0
2024-07-11T11:32:26.810912,q,-1.6501461970980558,-0.07970791683698954,0.20214384215338002,-2.719192224017891,0.10916981399721569,2.6745513899959628,0.868360945890761
2024-07-11T11:32:26.810912,q_d,-1.6501376951958469,-0.07970544073797127,0.20214384215338185,-2.719186201314802,0.1091725097828194,2.674555882983737,0.8683668913731327
2024-07-11T11:32:26.810912,dq,-0.00017752681179575367,0.000612502459169473,-0.00023648553044884371,-0.0005775738758671174,5.760451469335775e-05,0.0009737345496775493,-0.00794862781843867
2024-07-11T11:32:26.810912,tau_J,-0.2640013098716736,-20.469778060913086,-0.7329205274581909,16.574167251586914,0.492881178855896,2.489208221435547,-0.02851465716958046
2024-07-11T11:32:26.810912,dtau_J,-32.34410858154297,0.32693925499916077,3.510927677154541,21.140666961669922,-6.355595588684082,-40.83959197998047,64.30554962158203
2024-07-11T11:32:26.810912,O_F_ext_hat_K,-0.7817323921880621,-0.12311342014890556,-1.10751390046012,0.18322580930679208,-0.5624181928801948,-0.2735174056296832
2024-07-11T11:32:26.810912,m_ee,0.7300000190734863
2024-07-11T11:32:26.810912,tau_ext_hat_filtered,-0.2702444241582361,0.1658422442922988,-0.2989815682734127,-0.03553543699345674,0.1679651220147094,0.21543830009497886,-0.04460075507240926
2024-07-11T11:32:26.810912,joint_contact,0.0,0.0,0.0,0.0,0.0,0.0,0.0
2024-07-11T11:32:26.810912,joint_collision,0.0,0.0,0.0,0.0,0.0,0.0,0.0
2024-07-11T11:32:26.810912,cartesian_collision,0.0,0.0,0.0,0.0,0.0,0.0
2024-07-11T11:32:26.852895,elbow,0.20214360483859806,-1.0
2024-07-11T11:32:26.852895,O_T_EE,-0.05769777717992215,-0.9978939986713466,0.02931349220776794,0.0,-0.9976307821945293,0.0565384362281042,-0.03894835744958129,0.0,0.03720970954944565,-0.03149188212605636,-0.9988111427469182,0.0,0.04872289309499821,-0.4064052897666665,0.14986030792989996,1.0
2024-07-11T11:32:26.852895,tau_J_d,0.0,0.0,0.0,0.0,0.0,0.0,0.0
2024-07-11T11:32:26.852895,q,-1.6501454818436865,-0.07970328031715593,0.20214360483859806,-2.7191929706474336,0.10917149253023996,2.67455223359002,0.8683598269128955
2024-07-11T11:32:26.852895,q_d,-1.6501376951958469,-0.07970544073797127,0.20214384215338185,-2.719186201314802,0.1091725097828194,2.674555882983737,0.8683668913731327
2024-07-11T11:32:26.852895,dq,-8.764147296909628e-05,0.001464944855409584,0.0002287998236590063,-0.0012269717229640728,0.00039929217088667795,0.0004286628106677021,-0.0014234757706404295
2024-07-11T11:32:26.852895,tau_J,-0.2640013098716736,-20.505483627319336,-0.7329205274581909,16.574167251586914,0.474570631980896,2.510265350341797,-0.01844385638833046
2024-07-11T11:32:26.852895,dtau_J,-15.785425186157227,-35.593170166015625,12.185140609741211,40.28943634033203,-37.07814025878906,0.733857274055481,72.24417114257812
2024-07-11T11:32:26.852895,O_F_ext_hat_K,-0.7867205285569072,-0.04369932532722502,-0.9298385552031758,0.0977417357003334,-0.5595801622466399,-0.27677943219880435
2024-07-11T11:32:26.852895,m_ee,0.7300000190734863
2024-07-11T11:32:26.852895,tau_ext_hat_filtered,-0.2732248616072648,0.10662854032277352,-0.30254108990840856,-0.013318619624754611,0.16653498047585216,0.21702352588069157,-0.03990429590915634
2024-07-11T11:32:26.852895,joint_contact,0.0,0.0,0.0,0.0,0.0,0.0,0.0
2024-07-11T11:32:26.852895,joint_collision,0.0,0.0,0.0,0.0,0.0,0.0,0.0
2024-07-11T11:32:26.852895,cartesian_collision,0.0,0.0,0.0,0.0,0.0,0.0
2024-07-11T11:32:26.893886,elbow,0.20214662621323368,-1.0
2024-07-11T11:32:26.893886,O_T_EE,-0.05769538727616101,-0.9978939437663233,0.029320064508038014,0.0,-0.9976309805005443,0.05653584368139589,-0.038947041299228165,0.0,0.03720809842755667,-0.031498275773928046,-0.9988110011582144,0.0,0.04872396988598138,-0.40640648801415874,0.1498633358790995,1.0
2024-07-11T11:32:26.893886,tau_J_d,0.0,0.0,0.0,0.0,0.0,0.0,0.0
2024-07-11T11:32:26.893886,q,-1.6501454820963908,-0.07971070089674831,0.20214662621323368,-2.7191923688137383,0.10916945802503161,2.674550748309518,0.8683623444511726
2024-07-11T11:32:26.893886,q_d,-1.6501376951958469,-0.07970544073797127,0.20214384215338185,-2.719186201314802,0.1091725097828194,2.674555882983737,0.8683668913731327
2024-07-11T11:32:26.893886,dq,0.00015222109901629304,-0.0011555177597215168,0.0006359632123556189,-0.0009460120250542903,-0.00028108990571333353,-8.615382860351482e-05,0.0010397970564119457
2024-07-11T11:32:26.893886,tau_J,-0.2640013098716736,-20.430105209350586,-0.7725933790206909,16.574167251586914,0.492881178855896,2.520336151123047,-0.06971338391304016
2024-07-11T11:32:26.893886,dtau_J,85.55461120605469,1.6790915727615356,-51.23423767089844,-30.735431671142578,23.703136444091797,10.23472785949707,-10.79822063446045
2024-07-11T11:32:26.893886,O_F_ext_hat_K,-0.7689205063686636,-0.10232809399639257,-1.127827845044877,0.18583528448927303,-0.5539235034500931,-0.269505743401657
2024-07-11T11:32:26.893886,m_ee,0.7300000190734863
2024-07-11T11:32:26.893886,tau_ext_hat_filtered,-0.26256135910442524,0.17506752322020097,-0.2983783165908833,-0.0504320774345008,0.1666532262939614,0.21172203337892342,-0.04218671922777654
2024-07-11T11:32:26.893886,joint_contact,0.0,0.0,0.0,0.0,0.0,0.0,0.0
2024-07-11T11:32:26.893886,joint_collision,0.0,0.0,0.0,0.0,0.0,0.0,0.0
2024-07-11T11:32:26.893886,cartesian_collision,0.0,0.0,0.0,0.0,0.0,0.0
2024-07-11T11:32:26.934845,elbow,0.20214133651174787,-1.0
2024-07-11T11:32:26.934845,O_T_EE,-0.057694355919111234,-0.9978941648144718,0.029314570191549805,0.0,-0.9976309979433391,0.056534992342399615,-0.03894783029425793,0.0,0.037209229974504966,-0.03149280023174413,-0.9988111316651751,0.0,0.048722968859430366,-0.40640538591104797,0.14986103449349256,1.0
2024-07-11T11:32:26.934845,tau_J_d,0.0,0.0,0.0,0.0,0.0,0.0,0.0
2024-07-11T11:32:26.934845,q,-1.6501429762244257,-0.07970541118320665,0.20214133651174787,-2.7191930743746777,0.1091704752776355,2.674551114603506,0.8683575889570637
2024-07-11T11:32:26.934845,q_d,-1.6501376951958469,-0.07970544073797127,0.20214384215338185,-2.719186201314802,0.1091725097828194,2.674555882983737,0.8683668913731327
2024-07-11T11:32:26.934845,dq,0.00010463256855269463,0.0016277913970690239,-0.0006139617135042909,-0.0007815924282728975,0.0001378860854942473,-5.8105951405154034e-05,-0.0013922133670813256
2024-07-11T11:32:26.934845,tau_J,-0.2997068762779236,-20.505483627319336,-0.6972149610519409,16.574167251586914,0.483725905418396,2.520336151123047,0.001697746105492115
2024-07-11T11:32:26.934845,dtau_J,-58.99612808227539,-197.39541625976562,108.4144287109375,23.898698806762695,-32.604705810546875,0.11584994196891785,37.12315368652344
2024-07-11T11:32:26.934845,O_F_ext_hat_K,-0.7822396990010515,-0.09463878625080313,-1.100102512252513,0.1715691691791999,-0.5576752932454772,-0.27701874221075234
2024-07-11T11:32:26.934845,m_ee,0.7300000190734863
2024-07-11T11:32:26.934845,tau_ext_hat_filtered,-0.2701786180610352,0.1633396753125315,-0.3057794828776583,-0.04357754101886564,0.16875695210593336,0.21467198212437852,-0.03978653098241761
2024-07-11T11:32:26.934845,joint_contact,0.0,0.0,0.0,0.0,0.0,0.0,0.0
2024-07-11T11:32:26.934845,joint_collision,0.0,0.0,0.0,0.0,0.0,0.0,0.0
2024-07-11T11:32:26.934845,cartesian_collision,0.0,0.0,0.0,0.0,0.0,0.0
2024-07-11T11:32:26.975858,elbow,0.20214662621314064,-1.0
2024-07-11T11:32:26.975858,O_T_EE,-0.057698625664692,-0.9978936668378476,0.029323116862443797,0.0,-0.9976307673185522,0.05653893693601896,-0.03894801164051942,0.0,0.0372087926815093,-0.031501496821112286,-0.9988108737119424,0.0,0.04872423743923751,-0.4064082019380231,0.14986364273176994,1.0
2024-07-11T11:32:26.975858,tau_J_d,0.0,0.0,0.0,0.0,0.0,0.0,0.0
2024-07-11T11:32:26.975858,q,-1.6501454846897516,-0.07970791683698954,0.20214662621314064,-2.7191890484454286,0.10916945803106003,2.6745534542386418,0.8683655220735155
2024-07-11T11:32:26.975858,q_d,-1.6501376951958469,-0.07970544073797127,0.20214384215338185,-2.719186201314802,0.1091725097828194,2.674555882983737,0.8683668913731327
2024-07-11T11:32:26.975858,dq,-3.274864773443793e-05,-0.0001071644842948362,-0.000973600830355133,0.0011096963128598167,-0.0005204678018834409,0.0006765970184552893,0.0007046791296385564
2024-07-11T11:32:26.975858,tau_J,-0.2640013098716736,-20.469778060913086,-0.7725933790206909,16.498788833618164,0.492881178855896,2.499279022216797,-0.06971338391304016
2024-07-11T11:32:26.975858,dtau_J,-14.582314491271973,-25.93705177307129,-32.90364074707031,-90.94780731201172,21.459716796875,-28.063312530517578,-19.298847198486328
2024-07-11T11:32:26.975858,O_F_ext_hat_K,-0.7317365651548232,-0.09210631461995326,-1.1154234126380385,0.1760969556455391,-0.5450602011417943,-0.254522130966739
2024-07-11T11:32:26.975858,m_ee,0.7300000190734863
2024-07-11T11:32:26.975858,tau_ext_hat_filtered,-0.24992222174418743,0.16899171407025776,-0.28133373772933457,-0.04602300326518701,0.16623968115084314,0.2139144495302373,-0.042107344633405805
2024-07-11T11:32:26.975858,joint_contact,0.0,0.0,0.0,0.0,0.0,0.0,0.0
2024-07-11T11:32:26.975858,joint_collision,0.0,0.0,0.0,0.0,0.0,0.0,0.0
2024-07-11T11:32:26.975858,cartesian_collision,0.0,0.0,0.0,0.0,0.0,0.0
2024-07-11T11:32:27.016910,elbow,0.20214157562677829,-1.0
2024-07-11T11:32:27.016910,O_T_EE,-0.05769819002471923,-0.9978938190006171,0.02931879549782591,0.0,-0.9976307756895694,0.05653865626653036,-0.038948204654535024,0.0,0.037209243778377706,-0.03149718002637762,-0.9988109930451443,0.0,0.04872420837623489,-0.4064063736604232,0.14986245687296146,1.0
2024-07-11T11:32:27.016910,tau_J_d,0.0,0.0,0.0,0.0,0.0,0.0,0.0
2024-07-11T11:32:27.016910,q,-1.6501402188374692,-0.07970791680090314,0.20214157562677829,-2.7191921856103094,0.10917047527763579,2.6745522331035065,0.8683644045496152
2024-07-11T11:32:27.016910,q_d,-1.6501376951958469,-0.07970544073797127,0.20214384215338185,-2.719186201314802,0.1091725097828194,2.674555882983737,0.8683668913731327
2024-07-11T11:32:27.016910,dq,0.0019324140204628549,0.0007866028054355525,-0.0013750015455596596,0.00053821835052088,0.00029640745117955183,0.0005389462968545142,7.295489578027468e-05
2024-07-11T11:32:27.016910,tau_J,-0.3393797278404236,-20.469778060913086,-0.6972149610519409,16.538461685180664,0.483725905418396,2.510265350341797,-0.05964258685708046
2024-07-11T11:32:27.016910,dtau_J,-114.77246856689453,-64.38037872314453,115.57498931884766,-44.30065155029297,-14.334868431091309,-7.276784896850586,39.22161102294922
2024-07-11T11:32:27.016910,O_F_ext_hat_K,-0.7994718193991239,-0.13094578217775998,-1.1155616023066184,0.19094335901599035,-0.5618920643053873,-0.283180610833956
2024-07-11T11:32:27.016910,m_ee,0.7300000190734863
2024-07-11T11:32:27.016910,tau_ext_hat_filtered,-0.2814612710348358,0.17040185072951206,-0.3064710114564471,-0.03925252142979297,0.16858303011459355,0.21298274074584736,-0.04269909748472714
2024-07-11T11:32:27.016910,joint_contact,0.0,0.0,0.0,0.0,0.0,0.0,0.0
2024-07-11T11:32:27.016910,joint_collision,0.0,0.0,0.0,0.0,0.0,0.0,0.0
2024-07-11T11:32:27.016910,cartesian_collision,0.0,0.0,0.0,0.0,0.0,0.0
2024-07-11T11:32:27.057905,elbow,0.20214384215338185,-1.0
2024-07-11T11:32:27.057905,O_T_EE,-0.05770457932548996,-0.9978934221546094,0.02931972794278465,0.0,-0.9976303777247828,0.05654497706621437,-0.038949222206568504,0.0,0.03721000570177636,-0.03149840618675937,-0.9988109259931871,0.0,0.04872131115690797,-0.4064083748113031,0.14986295372035213,1.0
2024-07-11T11:32:27.057905,tau_J_d,0.0,0.0,0.0,0.0,0.0,0.0,0.0
2024-07-11T11:32:27.057905,q,-1.6501504115962131,-0.07970541118320665,0.20214384215338185,-2.719187572828883,0.10917149253023996,2.6745511146114906,0.868362064874682
2024-07-11T11:32:27.057905,q_d,-1.6501376951958469,-0.07970544073797127,0.20214384215338185,-2.719186201314802,0.1091725097828194,2.674555882983737,0.8683668913731327
2024-07-11T11:32:27.057905,dq,-0.0008950616721736458,0.0006182436126055971,-5.630348775755208e-05,0.0012129741135180868,0.000509876494303009,-9.623616530564823e-05,0.0010320185214639853
2024-07-11T11:32:27.057905,tau_J,-0.22432845830917358,-20.505483627319336,-0.7329205274581909,16.498788833618164,0.474570631980896,2.520336151123047,-0.03858545795083046
2024-07-11T11:32:27.057905,dtau_J,118.13578796386719,-127.46987915039062,94.45914459228516,-114.02783203125,-2.1931629180908203,-8.431797981262207,-34.615543365478516
2024-07-11T11:32:27.057905,O_F_ext_hat_K,-0.7597943773166306,-0.1201783840523261,-1.097800962260432,0.18040043644428772,-0.5426889411383635,-0.2721198257823579
2024-07-11T11:32:27.057905,m_ee,0.7300000190734863
2024-07-11T11:32:27.057905,tau_ext_hat_filtered,-0.2718235509769578,0.16296970545049186,-0.293541759575392,-0.035836718083250146,0.16757361138486998,0.21403957349287664,-0.03781154809602992
2024-07-11T11:32:27.057905,joint_contact,0.0,0.0,0.0,0.0,0.0,0.0,0.0
2024-07-11T11:32:27.057905,joint_collision,0.0,0.0,0.0,0.0,0.0,0.0,0.0
2024-07-11T11:32:27.057905,cartesian_collision,0.0,0.0,0.0,0.0,0.0,0.0
2024-07-11T11:32:27.098873,elbow,0.2021466262137498,-1.0
2024-07-11T11:32:27.098873,O_T_EE,-0.057698971909704466,-0.997893867758562,0.02931559707098909,0.0,-0.9976307400771837,0.05653957013456448,-0.038947790223041484,0.0,0.03720898615797459,-0.031493994612749314,-0.9988111030882805,0.0,0.04872359371058835,-0.4064051441119575,0.14986158703372898,1.0
2024-07-11T11:32:27.098873,tau_J_d,0.0,0.0,0.0,0.0,0.0,0.0,0.0
2024-07-11T11:32:27.098873,q,-1.6501462764627968,-0.07970791683694005,0.2021466262137498,-2.719194267146106,0.10917149253626837,2.6745511146121554,0.8683632855717506
2024-07-11T11:32:27.098873,q_d,-1.6501376951958469,-0.07970544073797127,0.20214384215338185,-2.719186201314802,0.1091725097828194,2.674555882983737,0.8683668913731327
2024-07-11T11:32:27.098873,dq,-0.00023813796095931633,-3.943860417732541e-06,0.0007933302803377278,-0.001440805807219571,0.0002898983171913645,-0.0005689878575791605,0.0009857256895134346
2024-07-11T11:32:27.098873,tau_J,-0.2640013098716736,-20.469778060913086,-0.7725933790206909,16.574167251586914,0.474570631980896,2.520336151123047,-0.04957178607583046
2024-07-11T11:32:27.098873,dtau_J,73.57745361328125,46.22361755371094,-103.21223449707031,34.38678741455078,-25.953113555908203,8.846165657043457,-8.863861083984375
2024-07-11T11:32:27.098873,O_F_ext_hat_K,-0.7647055891425497,-0.11713263406185076,-1.0977356668860099,0.18290866819962717,-0.5535473895668511,-0.26878372524218913
2024-07-11T11:32:27.098873,m_ee,0.7300000190734863
2024-07-11T11:32:27.098873,tau_ext_hat_filtered,-0.2653594555727724,0.16725959674527488,-0.2941519498566763,-0.03933100100599741,0.16734830098746747,0.21052107774815418,-0.042151617386063114
2024-07-11T11:32:27.098873,joint_contact,0.0,0.0,0.0,0.0,0.0,0.0,0.0
2024-07-11T11:32:27.098873,joint_collision,0.0,0.0,0.0,0.0,0.0,0.0,0.0
2024-07-11T11:32:27.098873,cartesian_collision,0.0,0.0,0.0,0.0,0.0,0.0
2024-07-11T11:32:27.107662,elbow,0.20214686242414032,-1.0
2024-07-11T11:32:27.107662,O_T_EE,-0.05769273467771326,-0.9978941361745961,0.029318735562302602,0.0,-0.9976311095942431,0.05653322571561529,-0.03894753472500126,0.0,0.03720875020903882,-0.031496878890681625,-0.9988110209283972,0.0,0.04872492515281485,-0.40640666852646473,0.14986369366716246,1.0
2024-07-11T11:32:27.107662,tau_J_d,0.0,0.0,0.0,0.0,0.0,0.0,0.0
2024-07-11T11:32:27.107662,q,-1.6501436923204407,-0.07971070089674831,0.20214686242414032,-2.719190496107599,0.10917047527763582,2.6745475824850575,0.868360945890761
2024-07-11T11:32:27.107662,q_d,-1.6501376951958469,-0.07970544073797127,0.20214384215338185,-2.719186201314802,0.1091725097828194,2.674555882983737,0.8683668913731327
2024-07-11T11:32:27.107662,dq,0.0006797043293244789,-0.0009338364661285837,0.0006522575285067321,0.00011050648576021981,7.199067463426378e-05,-0.00039575743703663274,-0.0009884311497956222
2024-07-11T11:32:27.107662,tau_J,-0.2997068762779236,-20.430105209350586,-0.7725933790206909,16.538461685180664,0.483725905418396,2.520336151123047,-0.02851465716958046
2024-07-11T11:32:27.107662,dtau_J,7.6627655029296875,56.5384521484375,-161.7952880859375,-39.413238525390625,12.041790008544922,-7.020944595336914,32.30625534057617
2024-07-11T11:32:27.107662,O_F_ext_hat_K,-0.7715521246524037,-0.11901585455848519,-1.0916834340768167,0.18118805879012154,-0.5537976636362996,-0.2724469880789038
2024-07-11T11:32:27.107662,m_ee,0.7300000190734863
2024-07-11T11:32:27.107662,tau_ext_hat_filtered,-0.26884878676242174,0.16475872816926554,-0.29784177978172643,-0.03731851350403703,0.16740984446510737,0.2110201561233997,-0.041357184143856356
2024-07-11T11:32:27.107662,joint_contact,0.0,0.0,0.0,0.0,0.0,0.0,0.0
2024-07-11T11:32:27.107662,joint_collision,0.0,0.0,0.0,0.0,0.0,0.0,0.0
2024-07-11T11:32:27.107662,cartesian_collision,0.0,0.0,0.0,0.0,0.0,0.0
2024-07-11T11:32:27.117705,elbow,0.20214686242414032,-1.0
2024-07-11T11:32:27.117705,O_T_EE,-0.05769273467771326,-0.9978941361745961,0.029318735562302602,0.0,-0.9976311095942431,0.05653322571561529,-0.03894753472500126,0.0,0.03720875020903882,-0.031496878890681625,-0.9988110209283972,0.0,0.04872492515281485,-0.40640666852646473,0.14986369366716246,1.0
2024-07-11T11:32:27.117705,tau_J_d,0.0,0.0,0.0,0.0,0.0,0.0,0.0
2024-07-11T11:32:27.117705,q,-1.6501436923204407,-0.07971070089674831,0.20214686242414032,-2.719190496107599,0.10917047527763582,2.6745475824850575,0.868360945890761
2024-07-11T11:32:27.117705,q_d,-1.6501376951958469,-0.07970544073797127,0.20214384215338185,-2.719186201314802,0.1091725097828194,2.674555882983737,0.8683668913731327
2024-07-11T11:32:27.117705,dq,0.0006797043293244789,-0.0009338364661285837,0.0006522575285067321,0.00011050648576021981,7.199067463426378e-05,-0.00039575743703663274,-0.0009884311497956222
2024-07-11T11:32:27.117705,tau_J,-0.2997068762779236,-20.430105209350586,-0.7725933790206909,16.538461685180664,0.483725905418396,2.520336151123047,-0.02851465716958046
2024-07-11T11:32:27.117705,dtau_J,7.6627655029296875,56.5384521484375,-161.7952880859375,-39.413238525390625,12.041790008544922,-7.020944595336914,32.30625534057617
2024-07-11T11:32:27.117705,O_F_ext_hat_K,-0.7715521246524037,-0.11901585455848519,-1.0916834340768167,0.18118805879012154,-0.5537976636362996,-0.2724469880789038
2024-07-11T11:32:27.117705,m_ee,0.7300000190734863
2024-07-11T11:32:27.117705,tau_ext_hat_filtered,-0.26884878676242174,0.16475872816926554,-0.29784177978172643,-0.03731851350403703,0.16740984446510737,0.2110201561233997,-0.041357184143856356
2024-07-11T11:32:27.117705,joint_contact,0.0,0.0,0.0,0.0,0.0,0.0,0.0
2024-07-11T11:32:27.117705,joint_collision,0.0,0.0,0.0,0.0,0.0,0.0,0.0
2024-07-11T11:32:27.117705,cartesian_collision,0.0,0.0,0.0,0.0,0.0,0.0
2024-07-11T11:32:27.157893,elbow,0.20214387142324053,-1.0
2024-07-11T11:32:27.157893,O_T_EE,-0.05769633927346879,-0.9978939609254056,0.029317607069025965,0.0,-0.9976308780011328,0.056536850232414726,-0.03894820568004195,0.0,0.03720937047264581,-0.031495925364335695,-0.9988110278898975,0.0,0.04872296404724084,-0.40640617317799926,0.1498622593139529,1.0
2024-07-11T11:32:27.157893,tau_J_d,0.0,0.0,0.0,0.0,0.0,0.0,0.0
2024-07-11T11:32:27.157893,q,-1.6501454856695743,-0.07970791683698954,0.20214387142324053,-2.719192404678822,0.10917149253023996,2.6745511101970045,0.86835870777342
2024-07-11T11:32:27.157893,q_d,-1.6501376951958469,-0.07970544073797127,0.20214384215338185,-2.719186201314802,0.1091725097828194,2.674555882983737,0.8683668913731327
2024-07-11T11:32:27.157893,dq,-1.2828986596735496e-05,1.2393788831005089e-05,0.0007000964291547357,-0.0005455875413399568,0.0003584512945432855,-7.668270593422211e-05,-0.0015097756304998967
2024-07-11T11:32:27.157893,tau_J,-0.2640013098716736,-20.469778060913086,-0.7329205274581909,16.574167251586914,0.474570631980896,2.520336151123047,-0.008373054675757885
2024-07-11T11:32:27.157893,dtau_J,38.96063232421875,121.19055938720703,-7.612729072570801,60.126220703125,-24.765270233154297,20.8351993560791,25.169010162353516
2024-07-11T11:32:27.157893,O_F_ext_hat_K,-0.8646849504298079,-0.14564030082411028,-1.081984492834917,0.18459689778453048,-0.570079881251519,-0.31673297677808
2024-07-11T11:32:27.157893,m_ee,0.7300000190734863
2024-07-11T11:32:27.157893,tau_ext_hat_filtered,-0.31106210112164223,0.15818554447814442,-0.343014137269466,-0.030036480598858488,0.17106454431630785,0.2141697321933391,-0.03576958908849742
2024-07-11T11:32:27.157893,joint_contact,0.0,0.0,0.0,0.0,0.0,0.0,0.0
2024-07-11T11:32:27.157893,joint_collision,0.0,0.0,0.0,0.0,0.0,0.0,0.0
2024-07-11T11:32:27.157893,cartesian_collision,0.0,0.0,0.0,0.0,0.0,0.0
2024-07-11T11:32:27.200128,elbow,0.202143842153233,-1.0
