[
    {
        "timestamp": "2024-07-12T15:34:14.242932",
        "attribute_name": "elbow",
        "values": [
            0.20149162198252654,
            -1.0
        ]
    },
    {
        "timestamp": "2024-07-12T15:34:14.242932",
        "attribute_name": "O_T_EE",
        "values": [
            -0.03940946146266407,
            -0.999089631643023,
            0.015733696064164974,
            0.0,
            -0.9985734794401555,
            0.038815846631172456,
            -0.036401691036192424,
            0.0,
            0.03575852381755622,
            -0.017146152779887167,
            -0.9992133593078297,
            0.0,
            0.052609692164362926,
            -0.40125006710051964,
            0.14339862630563177,
            1.0
        ]
    },
    {
        "timestamp": "2024-07-12T15:34:14.242932",
        "attribute_name": "tau_J_d",
        "values": [
            0.0,
            0.0,
            0.0,
            0.0,
            0.0,
            0.0,
            0.0
        ]
    },
    {
        "timestamp": "2024-07-12T15:34:14.242932",
        "attribute_name": "q",
        "values": [
            -1.639015041623199,
            -0.06834727306102112,
            0.20149162198252654,
            -2.7257724132810726,
            0.10498715605654561,
            2.678356242255448,
            0.864018396248834
        ]
    },
    {
        "timestamp": "2024-07-12T15:34:14.242932",
        "attribute_name": "q_d",
        "values": [
            -1.6390044621961157,
            -0.06837574825788799,
            0.20147740815875356,
            -2.725782479976033,
            0.10489012334654187,
            2.6784038455932504,
            0.8640319389197381
        ]
    },
    {
        "timestamp": "2024-07-12T15:34:14.242932",
        "attribute_name": "dq",
        "values": [
            -0.00042516567455745853,
            -3.5392570434487267e-05,
            3.4593742757477274e-05,
            -0.00020828582224237385,
            0.0002176433117763841,
            0.0005008367856630736,
            0.0004357905787113918
        ]
    },
    {
        "timestamp": "2024-07-12T15:34:14.242932",
        "attribute_name": "tau_J",
        "values": [
            -0.07357162237167358,
            -20.660207748413086,
            -0.5464581251144409,
            16.276620864868164,
            0.253928542137146,
            2.457164764404297,
            0.05296727642416954
        ]
    },
    {
        "timestamp": "2024-07-12T15:34:14.242932",
        "attribute_name": "dtau_J",
        "values": [
            58.630638122558594,
            -63.54936218261719,
            -18.165576934814453,
            -59.37885284423828,
            -24.65342903137207,
            -25.86846923828125,
            -38.945743560791016
        ]
    },
    {
        "timestamp": "2024-07-12T15:34:14.242932",
        "attribute_name": "ddq_d",
        "values": [
            0.0,
            0.0,
            0.0,
            0.0,
            0.0,
            0.0,
            0.0
        ]
    },
    {
        "timestamp": "2024-07-12T15:34:14.242932",
        "attribute_name": "delbow_c",
        "values": [
            0.0,
            0.0
        ]
    },
    {
        "timestamp": "2024-07-12T15:34:14.242932",
        "attribute_name": "elbow_c",
        "values": [
            0.20147740815875356,
            -1.0
        ]
    },
    {
        "timestamp": "2024-07-12T15:34:14.242932",
        "attribute_name": "elbow_d",
        "values": [
            0.20147740815875356,
            -1.0
        ]
    },
    {
        "timestamp": "2024-07-12T15:34:14.242932",
        "attribute_name": "F_T_EE",
        "values": [
            0.707099974155426,
            -0.707099974155426,
            0.0,
            0.0,
            0.707099974155426,
            0.707099974155426,
            0.0,
            0.0,
            0.0,
            0.0,
            1.0,
            0.0,
            0.0,
            0.0,
            0.10339999943971634,
            1.0
        ]
    },
    {
        "timestamp": "2024-07-12T15:34:14.242932",
        "attribute_name": "O_ddP_EE_c",
        "values": [
            0.0,
            0.0,
            0.0,
            0.0,
            0.0,
            0.0
        ]
    },
    {
        "timestamp": "2024-07-12T15:34:14.242932",
        "attribute_name": "O_dP_EE_d",
        "values": [
            0.0,
            0.0,
            0.0,
            0.0,
            0.0,
            0.0
        ]
    },
    {
        "timestamp": "2024-07-12T15:34:14.242932",
        "attribute_name": "O_T_EE",
        "values": [
            -0.03940946146266407,
            -0.999089631643023,
            0.015733696064164974,
            0.0,
            -0.9985734794401555,
            0.038815846631172456,
            -0.036401691036192424,
            0.0,
            0.03575852381755622,
            -0.017146152779887167,
            -0.9992133593078297,
            0.0,
            0.052609692164362926,
            -0.40125006710051964,
            0.14339862630563177,
            1.0
        ]
    },
    {
        "timestamp": "2024-07-12T15:34:14.242932",
        "attribute_name": "O_F_ext_hat_K",
        "values": [
            -0.1654598151643805,
            -0.1850556647915613,
            -0.9082511204890724,
            0.15202272537737643,
            0.19258248505226166,
            -0.146089740683785
        ]
    },
    {
        "timestamp": "2024-07-12T15:34:14.242932",
        "attribute_name": "m_ee",
        "values": 0.7300000190734863
    },
    {
        "timestamp": "2024-07-12T15:34:14.242932",
        "attribute_name": "tau_ext_hat_filtered",
        "values": [
            -0.09039918889244056,
            0.07409604490365114,
            -0.18598240736360389,
            -0.01701110723449185,
            -0.03962012243299319,
            0.18914204649429134,
            0.06476573169793085
        ]
    },
    {
        "timestamp": "2024-07-12T15:34:14.242932",
        "attribute_name": "joint_contact",
        "values": [
            0.0,
            0.0,
            0.0,
            0.0,
            0.0,
            0.0,
            0.0
        ]
    },
    {
        "timestamp": "2024-07-12T15:34:14.242932",
        "attribute_name": "dq_d",
        "values": [
            0.0,
            0.0,
            0.0,
            0.0,
            0.0,
            0.0,
            0.0
        ]
    },
    {
        "timestamp": "2024-07-12T15:34:14.242932",
        "attribute_name": "EE_T_K",
        "values": [
            1.0,
            0.0,
            0.0,
            0.0,
            0.0,
            1.0,
            0.0,
            0.0,
            0.0,
            0.0,
            1.0,
            0.0,
            0.0,
            0.0,
            0.0,
            1.0
        ]
    },
    {
        "timestamp": "2024-07-12T15:34:14.242932",
        "attribute_name": "K_F_ext_hat_K",
        "values": [
            0.17712114123051373,
            0.19110624709221538,
            0.9047930471588822,
            -0.1600612180642129,
            0.2476950163383684,
            0.0584741490899198
        ]
    },
    {
        "timestamp": "2024-07-12T15:34:14.242932",
        "attribute_name": "O_dP_EE_c",
        "values": [
            0.0,
            0.0,
            0.0,
            0.0,
            0.0,
            0.0
        ]
    },
    {
        "timestamp": "2024-07-12T15:34:14.242932",
        "attribute_name": "O_F_ext_hat_K",
        "values": [
            -0.1654598151643805,
            -0.1850556647915613,
            -0.9082511204890724,
            0.15202272537737643,
            0.19258248505226166,
            -0.146089740683785
        ]
    },
    {
        "timestamp": "2024-07-12T15:34:14.242932",
        "attribute_name": "cartesian_contact",
        "values": [
            0.0,
            0.0,
            0.0,
            0.0,
            0.0,
            0.0
        ]
    },
    {
        "timestamp": "2024-07-12T15:34:14.242932",
        "attribute_name": "joint_collision",
        "values": [
            0.0,
            0.0,
            0.0,
            0.0,
            0.0,
            0.0,
            0.0
        ]
    },
    {
        "timestamp": "2024-07-12T15:34:14.242932",
        "attribute_name": "cartesian_collision",
        "values": [
            0.0,
            0.0,
            0.0,
            0.0,
            0.0,
            0.0
        ]
    },
    {
        "timestamp": "2024-07-12T15:34:14.242932",
        "attribute_name": "theta",
        "values": [
            -1.6390202045440674,
            -0.0697961300611496,
            0.20145323872566223,
            -2.7246313095092773,
            0.10501537472009659,
            2.6786277294158936,
            0.86402428150177
        ]
    },
    {
        "timestamp": "2024-07-12T15:34:14.242932",
        "attribute_name": "control_command_success_rate",
        "values": 0.0
    },
    {
        "timestamp": "2024-07-12T15:34:14.242932",
        "attribute_name": "ddelbow_c",
        "values": [
            0.0,
            0.0
        ]
    },
    {
        "timestamp": "2024-07-12T15:34:14.242932",
        "attribute_name": "O_T_EE_d",
        "values": [
            -0.03934181759701761,
            -0.9990911602084289,
            0.015805754735114738,
            0.0,
            -0.9985777141564641,
            0.038746387221573024,
            -0.03635949901381063,
            0.0,
            0.035714725780153084,
            -0.017214054635923525,
            -0.999213758254679,
            0.0,
            0.05260609722290817,
            -0.4012605621325585,
            0.14341086306324782,
            1.0
        ]
    },
    {
        "timestamp": "2024-07-12T15:34:14.265977",
        "attribute_name": "elbow",
        "values": [
            0.20149162198252654,
            -1.0
        ]
    },
    {
        "timestamp": "2024-07-12T15:34:14.265977",
        "attribute_name": "O_T_EE",
        "values": [
            -0.03940946146266407,
            -0.999089631643023,
            0.015733696064164974,
            0.0,
            -0.9985734794401555,
            0.038815846631172456,
            -0.036401691036192424,
            0.0,
            0.03575852381755622,
            -0.017146152779887167,
            -0.9992133593078297,
            0.0,
            0.052609692164362926,
            -0.40125006710051964,
            0.14339862630563177,
            1.0
        ]
    },
    {
        "timestamp": "2024-07-12T15:34:14.265977",
        "attribute_name": "tau_J_d",
        "values": [
            0.0,
            0.0,
            0.0,
            0.0,
            0.0,
            0.0,
            0.0
        ]
    },
    {
        "timestamp": "2024-07-12T15:34:14.265977",
        "attribute_name": "q",
        "values": [
            -1.639015041623199,
            -0.06834727306102112,
            0.20149162198252654,
            -2.7257724132810726,
            0.10498715605654561,
            2.678356242255448,
            0.864018396248834
        ]
    },
    {
        "timestamp": "2024-07-12T15:34:14.265977",
        "attribute_name": "q_d",
        "values": [
            -1.6390044621961157,
            -0.06837574825788799,
            0.20147740815875356,
            -2.725782479976033,
            0.10489012334654187,
            2.6784038455932504,
            0.8640319389197381
        ]
    },
    {
        "timestamp": "2024-07-12T15:34:14.265977",
        "attribute_name": "dq",
        "values": [
            -0.00042516567455745853,
            -3.5392570434487267e-05,
            3.4593742757477274e-05,
            -0.00020828582224237385,
            0.0002176433117763841,
            0.0005008367856630736,
            0.0004357905787113918
        ]
    },
    {
        "timestamp": "2024-07-12T15:34:14.265977",
        "attribute_name": "tau_J",
        "values": [
            -0.07357162237167358,
            -20.660207748413086,
            -0.5464581251144409,
            16.276620864868164,
            0.253928542137146,
            2.457164764404297,
            0.05296727642416954
        ]
    },
    {
        "timestamp": "2024-07-12T15:34:14.265977",
        "attribute_name": "dtau_J",
        "values": [
            58.630638122558594,
            -63.54936218261719,
            -18.165576934814453,
            -59.37885284423828,
            -24.65342903137207,
            -25.86846923828125,
            -38.945743560791016
        ]
    },
    {
        "timestamp": "2024-07-12T15:34:14.265977",
        "attribute_name": "ddq_d",
        "values": [
            0.0,
            0.0,
            0.0,
            0.0,
            0.0,
            0.0,
            0.0
        ]
    },
    {
        "timestamp": "2024-07-12T15:34:14.265977",
        "attribute_name": "delbow_c",
        "values": [
            0.0,
            0.0
        ]
    },
    {
        "timestamp": "2024-07-12T15:34:14.265977",
        "attribute_name": "elbow_c",
        "values": [
            0.20147740815875356,
            -1.0
        ]
    },
    {
        "timestamp": "2024-07-12T15:34:14.265977",
        "attribute_name": "elbow_d",
        "values": [
            0.20147740815875356,
            -1.0
        ]
    },
    {
        "timestamp": "2024-07-12T15:34:14.265977",
        "attribute_name": "F_T_EE",
        "values": [
            0.707099974155426,
            -0.707099974155426,
            0.0,
            0.0,
            0.707099974155426,
            0.707099974155426,
            0.0,
            0.0,
            0.0,
            0.0,
            1.0,
            0.0,
            0.0,
            0.0,
            0.10339999943971634,
            1.0
        ]
    },
    {
        "timestamp": "2024-07-12T15:34:14.265977",
        "attribute_name": "O_ddP_EE_c",
        "values": [
            0.0,
            0.0,
            0.0,
            0.0,
            0.0,
            0.0
        ]
    },
    {
        "timestamp": "2024-07-12T15:34:14.265977",
        "attribute_name": "O_dP_EE_d",
        "values": [
            0.0,
            0.0,
            0.0,
            0.0,
            0.0,
            0.0
        ]
    },
    {
        "timestamp": "2024-07-12T15:34:14.265977",
        "attribute_name": "O_T_EE",
        "values": [
            -0.03940946146266407,
            -0.999089631643023,
            0.015733696064164974,
            0.0,
            -0.9985734794401555,
            0.038815846631172456,
            -0.036401691036192424,
            0.0,
            0.03575852381755622,
            -0.017146152779887167,
            -0.9992133593078297,
            0.0,
            0.052609692164362926,
            -0.40125006710051964,
            0.14339862630563177,
            1.0
        ]
    },
    {
        "timestamp": "2024-07-12T15:34:14.265977",
        "attribute_name": "O_F_ext_hat_K",
        "values": [
            -0.1654598151643805,
            -0.1850556647915613,
            -0.9082511204890724,
            0.15202272537737643,
            0.19258248505226166,
            -0.146089740683785
        ]
    },
    {
        "timestamp": "2024-07-12T15:34:14.265977",
        "attribute_name": "m_ee",
        "values": 0.7300000190734863
    },
    {
        "timestamp": "2024-07-12T15:34:14.265977",
        "attribute_name": "tau_ext_hat_filtered",
        "values": [
            -0.09039918889244056,
            0.07409604490365114,
            -0.18598240736360389,
            -0.01701110723449185,
            -0.03962012243299319,
            0.18914204649429134,
            0.06476573169793085
        ]
    },
    {
        "timestamp": "2024-07-12T15:34:14.265977",
        "attribute_name": "joint_contact",
        "values": [
            0.0,
            0.0,
            0.0,
            0.0,
            0.0,
            0.0,
            0.0
        ]
    },
    {
        "timestamp": "2024-07-12T15:34:14.265977",
        "attribute_name": "dq_d",
        "values": [
            0.0,
            0.0,
            0.0,
            0.0,
            0.0,
            0.0,
            0.0
        ]
    },
    {
        "timestamp": "2024-07-12T15:34:14.265977",
        "attribute_name": "EE_T_K",
        "values": [
            1.0,
            0.0,
            0.0,
            0.0,
            0.0,
            1.0,
            0.0,
            0.0,
            0.0,
            0.0,
            1.0,
            0.0,
            0.0,
            0.0,
            0.0,
            1.0
        ]
    },
    {
        "timestamp": "2024-07-12T15:34:14.265977",
        "attribute_name": "K_F_ext_hat_K",
        "values": [
            0.17712114123051373,
            0.19110624709221538,
            0.9047930471588822,
            -0.1600612180642129,
            0.2476950163383684,
            0.0584741490899198
        ]
    },
    {
        "timestamp": "2024-07-12T15:34:14.265977",
        "attribute_name": "O_dP_EE_c",
        "values": [
            0.0,
            0.0,
            0.0,
            0.0,
            0.0,
            0.0
        ]
    },
    {
        "timestamp": "2024-07-12T15:34:14.265977",
        "attribute_name": "O_F_ext_hat_K",
        "values": [
            -0.1654598151643805,
            -0.1850556647915613,
            -0.9082511204890724,
            0.15202272537737643,
            0.19258248505226166,
            -0.146089740683785
        ]
    },
    {
        "timestamp": "2024-07-12T15:34:14.265977",
        "attribute_name": "cartesian_contact",
        "values": [
            0.0,
            0.0,
            0.0,
            0.0,
            0.0,
            0.0
        ]
    },
    {
        "timestamp": "2024-07-12T15:34:14.265977",
        "attribute_name": "joint_collision",
        "values": [
            0.0,
            0.0,
            0.0,
            0.0,
            0.0,
            0.0,
            0.0
        ]
    },
    {
        "timestamp": "2024-07-12T15:34:14.265977",
        "attribute_name": "cartesian_collision",
        "values": [
            0.0,
            0.0,
            0.0,
            0.0,
            0.0,
            0.0
        ]
    },
    {
        "timestamp": "2024-07-12T15:34:14.265977",
        "attribute_name": "theta",
        "values": [
            -1.6390202045440674,
            -0.0697961300611496,
            0.20145323872566223,
            -2.7246313095092773,
            0.10501537472009659,
            2.6786277294158936,
            0.86402428150177
        ]
    },
    {
        "timestamp": "2024-07-12T15:34:14.265977",
        "attribute_name": "control_command_success_rate",
        "values": 0.0
    },
    {
        "timestamp": "2024-07-12T15:34:14.265977",
        "attribute_name": "ddelbow_c",
        "values": [
            0.0,
            0.0
        ]
    },
    {
        "timestamp": "2024-07-12T15:34:14.265977",
        "attribute_name": "O_T_EE_d",
        "values": [
            -0.03934181759701761,
            -0.9990911602084289,
            0.015805754735114738,
            0.0,
            -0.9985777141564641,
            0.038746387221573024,
            -0.03635949901381063,
            0.0,
            0.035714725780153084,
            -0.017214054635923525,
            -0.999213758254679,
            0.0,
            0.05260609722290817,
            -0.4012605621325585,
            0.14341086306324782,
            1.0
        ]
    },
    {
        "timestamp": "2024-07-12T15:34:14.295570",
        "attribute_name": "elbow",
        "values": [
            0.20149166576575128,
            -1.0
        ]
    },
    {
        "timestamp": "2024-07-12T15:34:14.295570",
        "attribute_name": "O_T_EE",
        "values": [
            -0.039400845432868106,
            -0.9990898861966181,
            0.01573910988628273,
            0.0,
            -0.9985738719612604,
            0.038807065531212895,
            -0.0364002857455925,
            0.0,
            0.03575705710848147,
            -0.017151196146417188,
            -0.9992133252402552,
            0.0,
            0.05260956227933802,
            -0.4012508981645676,
            0.14340108734019374,
            1.0
        ]
    },
    {
        "timestamp": "2024-07-12T15:34:14.295570",
        "attribute_name": "tau_J_d",
        "values": [
            0.0,
            0.0,
            0.0,
            0.0,
            0.0,
            0.0,
            0.0
        ]
    },
    {
        "timestamp": "2024-07-12T15:34:14.295570",
        "attribute_name": "q",
        "values": [
            -1.639015041623199,
            -0.06835406894165974,
            0.20149166576575128,
            -2.7257726963486992,
            0.10498512593242032,
            2.678354755361341,
            0.8640116823812325
        ]
    },
    {
        "timestamp": "2024-07-12T15:34:14.295570",
        "attribute_name": "q_d",
        "values": [
            -1.6390044621961157,
            -0.06837574825788799,
            0.20147740815875356,
            -2.725782479976033,
            0.10489012334654187,
            2.6784038455932504,
            0.8640319389197381
        ]
    },
    {
        "timestamp": "2024-07-12T15:34:14.295570",
        "attribute_name": "dq",
        "values": [
            -0.0001953925191584659,
            -0.001864376800713484,
            -0.00033936041014550017,
            -0.0003805271300461661,
            -0.00024701574883244826,
            0.0006838575075322279,
            -0.002059065820457624
        ]
    },
    {
        "timestamp": "2024-07-12T15:34:14.295570",
        "attribute_name": "tau_J",
        "values": [
            -0.07357162237167358,
            -20.580862045288086,
            -0.5464581251144409,
            16.312326431274414,
            0.272239089012146,
            2.457164764404297,
            0.11339208483695984
        ]
    },
    {
        "timestamp": "2024-07-12T15:34:14.295570",
        "attribute_name": "dtau_J",
        "values": [
            -9.86505126953125,
            112.63059997558594,
            -46.24205017089844,
            86.67029571533203,
            6.164120674133301,
            -36.8432731628418,
            77.7369155883789
        ]
    },
    {
        "timestamp": "2024-07-12T15:34:14.295570",
        "attribute_name": "ddq_d",
        "values": [
            0.0,
            0.0,
            0.0,
            0.0,
            0.0,
            0.0,
            0.0
        ]
    },
    {
        "timestamp": "2024-07-12T15:34:14.295570",
        "attribute_name": "delbow_c",
        "values": [
            0.0,
            0.0
        ]
    },
    {
        "timestamp": "2024-07-12T15:34:14.295570",
        "attribute_name": "elbow_c",
        "values": [
            0.20147740815875356,
            -1.0
        ]
    },
    {
        "timestamp": "2024-07-12T15:34:14.295570",
        "attribute_name": "elbow_d",
        "values": [
            0.20147740815875356,
            -1.0
        ]
    },
    {
        "timestamp": "2024-07-12T15:34:14.295570",
        "attribute_name": "F_T_EE",
        "values": [
            0.707099974155426,
            -0.707099974155426,
            0.0,
            0.0,
            0.707099974155426,
            0.707099974155426,
            0.0,
            0.0,
            0.0,
            0.0,
            1.0,
            0.0,
            0.0,
            0.0,
            0.10339999943971634,
            1.0
        ]
    },
    {
        "timestamp": "2024-07-12T15:34:14.295570",
        "attribute_name": "O_ddP_EE_c",
        "values": [
            0.0,
            0.0,
            0.0,
            0.0,
            0.0,
            0.0
        ]
    },
    {
        "timestamp": "2024-07-12T15:34:14.295570",
        "attribute_name": "O_dP_EE_d",
        "values": [
            0.0,
            0.0,
            0.0,
            0.0,
            0.0,
            0.0
        ]
    },
    {
        "timestamp": "2024-07-12T15:34:14.295570",
        "attribute_name": "O_T_EE",
        "values": [
            -0.039400845432868106,
            -0.9990898861966181,
            0.01573910988628273,
            0.0,
            -0.9985738719612604,
            0.038807065531212895,
            -0.0364002857455925,
            0.0,
            0.03575705710848147,
            -0.017151196146417188,
            -0.9992133252402552,
            0.0,
            0.05260956227933802,
            -0.4012508981645676,
            0.14340108734019374,
            1.0
        ]
    },
    {
        "timestamp": "2024-07-12T15:34:14.295570",
        "attribute_name": "O_F_ext_hat_K",
        "values": [
            -0.15402142058300886,
            -0.21461505739189365,
            -0.8884305621489635,
            0.1524276188989388,
            0.19053515324608522,
            -0.1411962177050223
        ]
    },
    {
        "timestamp": "2024-07-12T15:34:14.295570",
        "attribute_name": "m_ee",
        "values": 0.7300000190734863
    },
    {
        "timestamp": "2024-07-12T15:34:14.295570",
        "attribute_name": "tau_ext_hat_filtered",
        "values": [
            -0.08769081298430924,
            0.06505035465279933,
            -0.17929006245189938,
            0.0018551952383192402,
            -0.0393307140742342,
            0.19309807942820734,
            0.06285393784922563
        ]
    },
    {
        "timestamp": "2024-07-12T15:34:14.295570",
        "attribute_name": "joint_contact",
        "values": [
            0.0,
            0.0,
            0.0,
            0.0,
            0.0,
            0.0,
            0.0
        ]
    },
    {
        "timestamp": "2024-07-12T15:34:14.295570",
        "attribute_name": "dq_d",
        "values": [
            0.0,
            0.0,
            0.0,
            0.0,
            0.0,
            0.0,
            0.0
        ]
    },
    {
        "timestamp": "2024-07-12T15:34:14.295570",
        "attribute_name": "EE_T_K",
        "values": [
            1.0,
            0.0,
            0.0,
            0.0,
            0.0,
            1.0,
            0.0,
            0.0,
            0.0,
            0.0,
            1.0,
            0.0,
            0.0,
            0.0,
            0.0,
            1.0
        ]
    },
    {
        "timestamp": "2024-07-12T15:34:14.295570",
        "attribute_name": "K_F_ext_hat_K",
        "values": [
            0.20650917714908412,
            0.1778157355516196,
            0.8859052084635218,
            -0.15755468282537818,
            0.2434113270327777,
            0.056808628394293424
        ]
    },
    {
        "timestamp": "2024-07-12T15:34:14.295570",
        "attribute_name": "O_dP_EE_c",
        "values": [
            0.0,
            0.0,
            0.0,
            0.0,
            0.0,
            0.0
        ]
    },
    {
        "timestamp": "2024-07-12T15:34:14.295570",
        "attribute_name": "O_F_ext_hat_K",
        "values": [
            -0.15402142058300886,
            -0.21461505739189365,
            -0.8884305621489635,
            0.1524276188989388,
            0.19053515324608522,
            -0.1411962177050223
        ]
    },
    {
        "timestamp": "2024-07-12T15:34:14.295570",
        "attribute_name": "cartesian_contact",
        "values": [
            0.0,
            0.0,
            0.0,
            0.0,
            0.0,
            0.0
        ]
    },
    {
        "timestamp": "2024-07-12T15:34:14.295570",
        "attribute_name": "joint_collision",
        "values": [
            0.0,
            0.0,
            0.0,
            0.0,
            0.0,
            0.0,
            0.0
        ]
    },
    {
        "timestamp": "2024-07-12T15:34:14.295570",
        "attribute_name": "cartesian_collision",
        "values": [
            0.0,
            0.0,
            0.0,
            0.0,
            0.0,
            0.0
        ]
    },
    {
        "timestamp": "2024-07-12T15:34:14.295570",
        "attribute_name": "theta",
        "values": [
            -1.6390202045440674,
            -0.06979932636022568,
            0.20145323872566223,
            -2.72462797164917,
            0.10501537472009659,
            2.6786277294158936,
            0.86402428150177
        ]
    },
    {
        "timestamp": "2024-07-12T15:34:14.295570",
        "attribute_name": "control_command_success_rate",
        "values": 0.0
    },
    {
        "timestamp": "2024-07-12T15:34:14.295570",
        "attribute_name": "ddelbow_c",
        "values": [
            0.0,
            0.0
        ]
    },
    {
        "timestamp": "2024-07-12T15:34:14.295570",
        "attribute_name": "O_T_EE_d",
        "values": [
            -0.03934181759701761,
            -0.9990911602084289,
            0.015805754735114738,
            0.0,
            -0.9985777141564641,
            0.038746387221573024,
            -0.03635949901381063,
            0.0,
            0.035714725780153084,
            -0.017214054635923525,
            -0.999213758254679,
            0.0,
            0.05260609722290817,
            -0.4012605621325585,
            0.14341086306324782,
            1.0
        ]
    },
    {
        "timestamp": "2024-07-12T15:34:14.342221",
        "attribute_name": "elbow",
        "values": [
            0.2014943707604743,
            -1.0
        ]
    },
    {
        "timestamp": "2024-07-12T15:34:14.342221",
        "attribute_name": "O_T_EE",
        "values": [
            -0.03939608704691432,
            -0.9990901964841891,
            0.01573132276019419,
            0.0,
            -0.9985740274219397,
            0.03880257923970554,
            -0.03640080361588307,
            0.0,
            0.03575795859033649,
            -0.01714326961421399,
            -0.9992134290052282,
            0.0,
            0.052611973296209605,
            -0.40124985268693664,
            0.14339927494237903,
            1.0
        ]
    },
    {
        "timestamp": "2024-07-12T15:34:14.342221",
        "attribute_name": "tau_J_d",
        "values": [
            0.0,
            0.0,
            0.0,
            0.0,
            0.0,
            0.0,
            0.0
        ]
    },
    {
        "timestamp": "2024-07-12T15:34:14.342221",
        "attribute_name": "q",
        "values": [
            -1.6390122575634403,
            -0.06834842483069367,
            0.2014943707604743,
            -2.725770195066333,
            0.10498614318503273,
            2.6783502019738927,
            0.8640116823812326
        ]
    },
    {
        "timestamp": "2024-07-12T15:34:14.342221",
        "attribute_name": "q_d",
        "values": [
            -1.6390044621961157,
            -0.06837574825788799,
            0.20147740815875356,
            -2.725782479976033,
            0.10489012334654187,
            2.6784038455932504,
            0.8640319389197381
        ]
    },
    {
        "timestamp": "2024-07-12T15:34:14.342221",
        "attribute_name": "dq",
        "values": [
            0.00012175522741690634,
            6.21199843848125e-05,
            0.001189602769081596,
            0.0003083052718892514,
            0.00013792543249449625,
            -0.0011824391533173462,
            -0.0019862986051171986
        ]
    },
    {
        "timestamp": "2024-07-12T15:34:14.342221",
        "attribute_name": "tau_J",
        "values": [
            -0.11324447393417358,
            -20.660207748413086,
            -0.5861309766769409,
            16.276620864868164,
            0.263083815574646,
            2.499279022216797,
            0.11339208483695984
        ]
    },
    {
        "timestamp": "2024-07-12T15:34:14.342221",
        "attribute_name": "dtau_J",
        "values": [
            -114.25167083740234,
            -17.761146545410156,
            -91.93737030029297,
            -27.97406005859375,
            -6.744162559509277,
            55.40940856933594,
            87.78114318847656
        ]
    },
    {
        "timestamp": "2024-07-12T15:34:14.342221",
        "attribute_name": "ddq_d",
        "values": [
            0.0,
            0.0,
            0.0,
            0.0,
            0.0,
            0.0,
            0.0
        ]
    },
    {
        "timestamp": "2024-07-12T15:34:14.342221",
        "attribute_name": "delbow_c",
        "values": [
            0.0,
            0.0
        ]
    },
    {
        "timestamp": "2024-07-12T15:34:14.342221",
        "attribute_name": "elbow_c",
        "values": [
            0.20147740815875356,
            -1.0
        ]
    },
    {
        "timestamp": "2024-07-12T15:34:14.342221",
        "attribute_name": "elbow_d",
        "values": [
            0.20147740815875356,
            -1.0
        ]
    },
    {
        "timestamp": "2024-07-12T15:34:14.342221",
        "attribute_name": "F_T_EE",
        "values": [
            0.707099974155426,
            -0.707099974155426,
            0.0,
            0.0,
            0.707099974155426,
            0.707099974155426,
            0.0,
            0.0,
            0.0,
            0.0,
            1.0,
            0.0,
            0.0,
            0.0,
            0.10339999943971634,
            1.0
        ]
    },
    {
        "timestamp": "2024-07-12T15:34:14.342221",
        "attribute_name": "O_ddP_EE_c",
        "values": [
            0.0,
            0.0,
            0.0,
            0.0,
            0.0,
            0.0
        ]
    },
    {
        "timestamp": "2024-07-12T15:34:14.342221",
        "attribute_name": "O_dP_EE_d",
        "values": [
            0.0,
            0.0,
            0.0,
            0.0,
            0.0,
            0.0
        ]
    },
    {
        "timestamp": "2024-07-12T15:34:14.342221",
        "attribute_name": "O_T_EE",
        "values": [
            -0.03939608704691432,
            -0.9990901964841891,
            0.01573132276019419,
            0.0,
            -0.9985740274219397,
            0.03880257923970554,
            -0.03640080361588307,
            0.0,
            0.03575795859033649,
            -0.01714326961421399,
            -0.9992134290052282,
            0.0,
            0.052611973296209605,
            -0.40124985268693664,
            0.14339927494237903,
            1.0
        ]
    },
    {
        "timestamp": "2024-07-12T15:34:14.342221",
        "attribute_name": "O_F_ext_hat_K",
        "values": [
            -0.14681946613124067,
            -0.2168133144701973,
            -0.9103279627172903,
            0.16113264503790192,
            0.19642599612554726,
            -0.14055372253562293
        ]
    },
    {
        "timestamp": "2024-07-12T15:34:14.342221",
        "attribute_name": "m_ee",
        "values": 0.7300000190734863
    },
    {
        "timestamp": "2024-07-12T15:34:14.342221",
        "attribute_name": "tau_ext_hat_filtered",
        "values": [
            -0.08578711320816877,
            0.0727849524356242,
            -0.17967762088475672,
            -0.004163485088429324,
            -0.03927515988017412,
            0.19191459306952072,
            0.06504953564079491
        ]
    },
    {
        "timestamp": "2024-07-12T15:34:14.342221",
        "attribute_name": "joint_contact",
        "values": [
            0.0,
            0.0,
            0.0,
            0.0,
            0.0,
            0.0,
            0.0
        ]
    },
    {
        "timestamp": "2024-07-12T15:34:14.342221",
        "attribute_name": "dq_d",
        "values": [
            0.0,
            0.0,
            0.0,
            0.0,
            0.0,
            0.0,
            0.0
        ]
    },
    {
        "timestamp": "2024-07-12T15:34:14.342221",
        "attribute_name": "EE_T_K",
        "values": [
            1.0,
            0.0,
            0.0,
            0.0,
            0.0,
            1.0,
            0.0,
            0.0,
            0.0,
            0.0,
            1.0,
            0.0,
            0.0,
            0.0,
            0.0,
            1.0
        ]
    },
    {
        "timestamp": "2024-07-12T15:34:14.342221",
        "attribute_name": "K_F_ext_hat_K",
        "values": [
            0.20808351267559616,
            0.17133715795180676,
            0.9080788498618249,
            -0.16127361390547637,
            0.24402643446032116,
            0.058861715315032107
        ]
    },
    {
        "timestamp": "2024-07-12T15:34:14.342221",
        "attribute_name": "O_dP_EE_c",
        "values": [
            0.0,
            0.0,
            0.0,
            0.0,
            0.0,
            0.0
        ]
    },
    {
        "timestamp": "2024-07-12T15:34:14.342221",
        "attribute_name": "O_F_ext_hat_K",
        "values": [
            -0.14681946613124067,
            -0.2168133144701973,
            -0.9103279627172903,
            0.16113264503790192,
            0.19642599612554726,
            -0.14055372253562293
        ]
    },
    {
        "timestamp": "2024-07-12T15:34:14.342221",
        "attribute_name": "cartesian_contact",
        "values": [
            0.0,
            0.0,
            0.0,
            0.0,
            0.0,
            0.0
        ]
    },
    {
        "timestamp": "2024-07-12T15:34:14.342221",
        "attribute_name": "joint_collision",
        "values": [
            0.0,
            0.0,
            0.0,
            0.0,
            0.0,
            0.0,
            0.0
        ]
    },
    {
        "timestamp": "2024-07-12T15:34:14.342221",
        "attribute_name": "cartesian_collision",
        "values": [
            0.0,
            0.0,
            0.0,
            0.0,
            0.0,
            0.0
        ]
    },
    {
        "timestamp": "2024-07-12T15:34:14.342221",
        "attribute_name": "theta",
        "values": [
            -1.6390202045440674,
            -0.06979932636022568,
            0.20145323872566223,
            -2.72462797164917,
            0.10501537472009659,
            2.6786277294158936,
            0.86402428150177
        ]
    },
    {
        "timestamp": "2024-07-12T15:34:14.342221",
        "attribute_name": "control_command_success_rate",
        "values": 0.0
    },
    {
        "timestamp": "2024-07-12T15:34:14.342221",
        "attribute_name": "ddelbow_c",
        "values": [
            0.0,
            0.0
        ]
    },
    {
        "timestamp": "2024-07-12T15:34:14.342221",
        "attribute_name": "O_T_EE_d",
        "values": [
            -0.03934181759701761,
            -0.9990911602084289,
            0.015805754735114738,
            0.0,
            -0.9985777141564641,
            0.038746387221573024,
            -0.03635949901381063,
            0.0,
            0.035714725780153084,
            -0.017214054635923525,
            -0.999213758254679,
            0.0,
            0.05260609722290817,
            -0.4012605621325585,
            0.14341086306324782,
            1.0
        ]
    },
    {
        "timestamp": "2024-07-12T15:34:14.408292",
        "attribute_name": "elbow",
        "values": [
            0.201491587096296,
            -1.0
        ]
    },
    {
        "timestamp": "2024-07-12T15:34:14.408292",
        "attribute_name": "O_T_EE",
        "values": [
            -0.0394038177032299,
            -0.9990897573454122,
            0.01573984812837307,
            0.0,
            -0.9985737072599001,
            0.03880998574729121,
            -0.03640169057506496,
            0.0,
            0.03575838138172711,
            -0.017152094307732686,
            -0.9992132624329089,
            0.0,
            0.052609522902687306,
            -0.40125086229693996,
            0.14340119165413948,
            1.0
        ]
    },
    {
