timestamp,col1,col2,col3,col4,col5,col6,col7,col8,col9,col10,col11,col12,col13,col14,col15,col16,col17,col18,col19,col20,col21,col22,col23,col24,col25,col26,col27,col28,col29,col30,col31,col32,col33,col34,col35,col36,col37,col38
2024-07-12T15:34:14.242932,-0.03940946146266407,-0.999089631643023,0.015733696064164974,0.0,-0.9985734794401555,0.038815846631172456,-0.036401691036192424,0.0,0.03575852381755622,-0.017146152779887167,-0.9992133593078297,0.0,0.052609692164362926,-0.40125006710051964,0.14339862630563177,1.0
2024-07-12T15:34:14.242932,-0.03940946146266407,-0.999089631643023,0.015733696064164974,0.0,-0.9985734794401555,0.038815846631172456,-0.036401691036192424,0.0,0.03575852381755622,-0.017146152779887167,-0.9992133593078297,0.0,0.052609692164362926,-0.40125006710051964,0.14339862630563177,1.0
2024-07-12T15:34:14.265977,-0.03940946146266407,-0.999089631643023,0.015733696064164974,0.0,-0.9985734794401555,0.038815846631172456,-0.036401691036192424,0.0,0.03575852381755622,-0.017146152779887167,-0.9992133593078297,0.0,0.052609692164362926,-0.40125006710051964,0.14339862630563177,1.0
2024-07-12T15:34:14.265977,-0.03940946146266407,-0.999089631643023,0.015733696064164974,0.0,-0.9985734794401555,0.038815846631172456,-0.036401691036192424,0.0,0.03575852381755622,-0.017146152779887167,-0.9992133593078297,0.0,0.052609692164362926,-0.40125006710051964,0.14339862630563177,1.0
2024-07-12T15:34:14.295570,-0.039400845432868106,-0.9990898861966181,0.01573910988628273,0.0,-0.9985738719612604,0.038807065531212895,-0.0364002857455925,0.0,0.03575705710848147,-0.017151196146417188,-0.9992133252402552,0.0,0.05260956227933802,-0.4012508981645676,0.14340108734019374,1.0
2024-07-12T15:34:14.295570,-0.039400845432868106,-0.9990898861966181,0.01573910988628273,0.0,-0.9985738719612604,0.038807065531212895,-0.0364002857455925,0.0,0.03575705710848147,-0.017151196146417188,-0.9992133252402552,0.0,0.05260956227933802,-0.4012508981645676,0.14340108734019374,1.0
2024-07-12T15:34:14.342221,-0.03939608704691432,-0.9990901964841891,0.01573132276019419,0.0,-0.9985740274219397,0.03880257923970554,-0.03640080361588307,0.0,0.03575795859033649,-0.01714326961421399,-0.9992134290052282,0.0,0.052611973296209605,-0.40124985268693664,0.14339927494237903,1.0
2024-07-12T15:34:14.342221,-0.03939608704691432,-0.9990901964841891,0.01573132276019419,0.0,-0.9985740274219397,0.03880257923970554,-0.03640080361588307,0.0,0.03575795859033649,-0.01714326961421399,-0.9992134290052282,0.0,0.052611973296209605,-0.40124985268693664,0.14339927494237903,1.0
2024-07-12T15:34:14.408292,-0.0394038177032299,-0.9990897573454122,0.01573984812837307,0.0,-0.9985737072599001,0.03880998574729121,-0.03640169057506496,0.0,0.03575838138172711,-0.017152094307732686,-0.9992132624329089,0.0,0.052609522902687306,-0.40125086229693996,0.14340119165413948,1.0
2024-07-12T15:34:14.408292,-0.0394038177032299,-0.9990897573454122,0.01573984812837307,0.0,-0.9985737072599001,0.03880998574729121,-0.03640169057506496,0.0,0.03575838138172711,-0.017152094307732686,-0.9992132624329089,0.0,0.052609522902687306,-0.40125086229693996,0.14340119165413948,1.0
2024-07-12T15:34:14.490323,-0.03940882597739795,-0.9990896781468891,0.015732334748427338,0.0,-0.9985735134664431,0.03881526555030626,-0.03640137723700595,0.0,0.035758273974418706,-0.017144758415365703,-0.9992133921746892,0.0,0.05260965660307199,-0.401250366043576,0.14339880148682893,1.0
2024-07-12T15:34:14.490323,-0.03940882597739795,-0.9990896781468891,0.015732334748427338,0.0,-0.9985735134664431,0.03881526555030626,-0.03640137723700595,0.0,0.035758273974418706,-0.017144758415365703,-0.9992133921746892,0.0,0.05260965660307199,-0.401250366043576,0.14339880148682893,1.0
2024-07-12T15:34:14.596173,-0.039407323508402835,-0.9990897769505217,0.015729823523141506,0.0,-0.9985735643780204,0.03881385177691646,-0.03640148811276216,0.0,0.03575850806263073,-0.01714220120128077,-0.999213427671541,0.0,0.05261121104563988,-0.40124954774145716,0.1433978594428696,1.0
2024-07-12T15:34:14.596173,-0.039407323508402835,-0.9990897769505217,0.015729823523141506,0.0,-0.9985735643780204,0.03881385177691646,-0.03640148811276216,0.0,0.03575850806263073,-0.01714220120128077,-0.999213427671541,0.0,0.05261121104563988,-0.40124954774145716,0.1433978594428696,1.0
2024-07-12T15:34:14.714697,-0.03940489672849754,-0.9990897733533547,0.0157361302665932,0.0,-0.9985736682598255,0.038811201072934814,-0.036401464676581084,0.0,0.03575828143529399,-0.017148411440932754,-0.9992133292214666,0.0,0.052609067083017894,-0.40125208003705937,0.14340074154644103,1.0
2024-07-12T15:34:14.714697,-0.03940489672849754,-0.9990897733533547,0.0157361302665932,0.0,-0.9985736682598255,0.038811201072934814,-0.036401464676581084,0.0,0.03575828143529399,-0.017148411440932754,-0.9992133292214666,0.0,0.052609067083017894,-0.40125208003705937,0.14340074154644103,1.0
2024-07-12T15:34:14.843520,-0.045071656792608085,-0.9988574354766447,0.015268144883984983,0.0,-0.9983260302670066,0.044486711472991984,-0.03669900127860409,0.0,0.0359785334437777,-0.016896996581375445,-0.9992097060366076,0.0,0.05051831074307203,-0.4011867535692986,0.14323747324292246,1.0
2024-07-12T15:34:14.843520,-0.045071656792608085,-0.9988574354766447,0.015268144883984983,0.0,-0.9983260302670066,0.044486711472991984,-0.03669900127860409,0.0,0.0359785334437777,-0.016896996581375445,-0.9992097060366076,0.0,0.05051831074307203,-0.4011867535692986,0.14323747324292246,1.0
2024-07-12T15:34:14.984141,-0.044479082201235524,-0.998888136422836,0.014994967871189618,0.0,-0.9983530686187922,0.0439048666616997,-0.036664150938865284,0.0,0.03596572579153945,-0.016601379599492098,-0.99921512236539,0.0,0.0507351394218629,-0.4011302822230482,0.14314983260653186,1.0
2024-07-12T15:34:14.984141,-0.044479082201235524,-0.998888136422836,0.014994967871189618,0.0,-0.9983530686187922,0.0439048666616997,-0.036664150938865284,0.0,0.03596572579153945,-0.016601379599492098,-0.99921512236539,0.0,0.0507351394218629,-0.4011302822230482,0.14314983260653186,1.0
2024-07-12T15:34:15.133151,-0.04562426221367056,-0.9988354141183526,0.0150661574956939,0.0,-0.9983004915290524,0.04504608390835342,-0.0367113856804969,0.0,0.035990653655920614,-0.01671580415094821,-0.9992123171483659,0.0,0.05029979356985187,-0.4011716078046069,0.14318783007926153,1.0
2024-07-12T15:34:15.133151,-0.04562426221367056,-0.9988354141183526,0.0150661574956939,0.0,-0.9983004915290524,0.04504608390835342,-0.0367113856804969,0.0,0.035990653655920614,-0.01671580415094821,-0.9992123171483659,0.0,0.05029979356985187,-0.4011716078046069,0.14318783007926153,1.0
2024-07-12T15:34:15.307742,-0.044522273692942045,-0.9988864197452758,0.014981137970243382,0.0,-0.9983516515901236,0.043948765157742216,-0.03665013928473246,0.0,0.035951616078858224,-0.016588510747647594,-0.9992158438558175,0.0,0.050716706260604795,-0.4011054374197178,0.14316103069226246,1.0
2024-07-12T15:34:15.307742,-0.044522273692942045,-0.9988864197452758,0.014981137970243382,0.0,-0.9983516515901236,0.043948765157742216,-0.03665013928473246,0.0,0.035951616078858224,-0.016588510747647594,-0.9992158438558175,0.0,0.050716706260604795,-0.4011054374197178,0.14316103069226246,1.0
2024-07-12T15:34:15.501119,-0.04455851105860487,-0.9988842277403505,0.015019506150740538,0.0,-0.9983499596950098,0.043983530516644054,-0.03665452116003968,0.0,0.03595370437523482,-0.016628314393268076,-0.9992151071226537,0.0,0.05069914024955197,-0.40111829988094005,0.14317372175194723,1.0
2024-07-12T15:34:15.501119,-0.04455851105860487,-0.9988842277403505,0.015019506150740538,0.0,-0.9983499596950098,0.043983530516644054,-0.03665452116003968,0.0,0.03595370437523482,-0.016628314393268076,-0.9992151071226537,0.0,0.05069914024955197,-0.40111829988094005,0.14317372175194723,1.0
2024-07-12T15:34:15.701923,-0.0438361228338273,-0.9989213516461092,0.014672234377094015,0.0,-0.9983844793663086,0.043275613930145757,-0.03655679828215408,0.0,0.03588310726247685,-0.016251352268514152,-0.99922384687448,0.0,0.05094741664463365,-0.40094293519926694,0.1430541086475536,1.0
2024-07-12T15:34:15.701923,-0.0438361228338273,-0.9989213516461092,0.014672234377094015,0.0,-0.9983844793663086,0.043275613930145757,-0.03655679828215408,0.0,0.03588310726247685,-0.016251352268514152,-0.99922384687448,0.0,0.05094741664463365,-0.40094293519926694,0.1430541086475536,1.0
2024-07-12T15:34:15.913583,-0.04347296095548672,-0.998930262436364,0.01513867087257669,0.0,-0.9983991767356983,0.04289512183407801,-0.0366038156143295,0.0,0.03591597550013378,-0.016706034426008057,-0.99921516757785,0.0,0.05110810368699018,-0.40113911956689247,0.14321027380085022,1.0
2024-07-12T15:34:15.913583,-0.04347296095548672,-0.998930262436364,0.01513867087257669,0.0,-0.9983991767356983,0.04289512183407801,-0.0366038156143295,0.0,0.03591597550013378,-0.016706034426008057,-0.99921516757785,0.0,0.05110810368699018,-0.40113911956689247,0.14321027380085022,1.0
2024-07-12T15:34:16.139142,-0.04338749911401247,-0.9989354109638796,0.015043820800067139,0.0,-0.9984034072385474,0.04281344181629868,-0.03658404728170401,0.0,0.03590171377879466,-0.016607412007839203,-0.9992173241163042,0.0,0.0511351211377776,-0.4010993561060385,0.1431799129688806,1.0
2024-07-12T15:34:16.139142,-0.04338749911401247,-0.9989354109638796,0.015043820800067139,0.0,-0.9984034072385474,0.04281344181629868,-0.03658404728170401,0.0,0.03590171377879466,-0.016607412007839203,-0.9992173241163042,0.0,0.0511351211377776,-0.4010993561060385,0.1431799129688806,1.0
2024-07-12T15:34:16.375552,-0.04328987834090964,-0.9989403975212094,0.014993849892728155,0.0,-0.9984079888390256,0.04271788863971878,-0.036570708412401266,0.0,0.03589214342410133,-0.01655343973937737,-0.9992185635151194,0.0,0.05116575506071164,-0.40107728873240983,0.14316344892269237,1.0
2024-07-12T15:34:16.375552,-0.04328987834090964,-0.9989403975212094,0.014993849892728155,0.0,-0.9984079888390256,0.04271788863971878,-0.036570708412401266,0.0,0.03589214342410133,-0.01655343973937737,-0.9992185635151194,0.0,0.05116575506071164,-0.40107728873240983,0.14316344892269237,1.0
2024-07-12T15:34:16.630901,-0.04329304951408537,-0.9989402119694323,0.014997055559165678,0.0,-0.998407820830917,0.04272092582192164,-0.03657174731655072,0.0,0.03589299196971766,-0.01655679879678184,-0.9992184773817309,0.0,0.05116471806980764,-0.40107861582051363,0.1431644468954371,1.0
2024-07-12T15:34:16.630901,-0.04329304951408537,-0.9989402119694323,0.014997055559165678,0.0,-0.998407820830917,0.04272092582192164,-0.03657174731655072,0.0,0.03589299196971766,-0.01655679879678184,-0.9992184773817309,0.0,0.05116471806980764,-0.40107861582051363,0.1431644468954371,1.0
2024-07-12T15:34:16.901754,-0.04336981572170568,-0.9989366355183601,0.015013467445358976,0.0,-0.9984043566816472,0.04279696797197334,-0.03657741096251162,0.0,0.03589667607970728,-0.016576186022312714,-0.9992180236081525,0.0,0.05113577964996872,-0.401085646646497,0.14316914967329872,1.0
2024-07-12T15:34:16.901754,-0.04336981572170568,-0.9989366355183601,0.015013467445358976,0.0,-0.9984043566816472,0.04279696797197334,-0.03657741096251162,0.0,0.03589667607970728,-0.016576186022312714,-0.9992180236081525,0.0,0.05113577964996872,-0.401085646646497,0.14316914967329872,1.0
2024-07-12T15:34:17.190292,-0.0433149783843343,-0.9989390261739032,0.01501271246333848,0.0,-0.9984067975794364,0.04274223045431947,-0.036574788914942764,0.0,0.03589499829530487,-0.016573349453099254,-0.9992181309330239,0.0,0.0511579924350446,-0.40108594413886167,0.14316990019054604,1.0
2024-07-12T15:34:17.190292,-0.0433149783843343,-0.9989390261739032,0.01501271246333848,0.0,-0.9984067975794364,0.04274223045431947,-0.036574788914942764,0.0,0.03589499829530487,-0.016573349453099254,-0.9992181309330239,0.0,0.0511579924350446,-0.40108594413886167,0.14316990019054604,1.0
2024-07-12T15:34:17.500372,-0.04127242797836492,-0.9990174056808484,0.015542095633658813,0.0,-0.998494897090807,0.04068270850326292,-0.0365185516370195,0.0,0.035851064413528304,-0.01702624028050494,-0.9992120937630447,0.0,0.05193464963776174,-0.4012254638447859,0.14333760076681704,1.0
2024-07-12T15:34:17.500372,-0.04127242797836492,-0.9990174056808484,0.015542095633658813,0.0,-0.998494897090807,0.04068270850326292,-0.0365185516370195,0.0,0.035851064413528304,-0.01702624028050494,-0.9992120937630447,0.0,0.05193464963776174,-0.4012254638447859,0.14333760076681704,1.0
2024-07-12T15:34:17.819699,-0.03974124720071939,-0.9990751096209906,0.015821046360627877,0.0,-0.9985600870919998,0.0391440626652955,-0.03641760187164085,0.0,0.03576530814488323,-0.01724587838679373,-0.9992114002612108,0.0,0.0524821065855949,-0.4012968059108322,0.1434263441805382,1.0
2024-07-12T15:34:17.819699,-0.03974124720071939,-0.9990751096209906,0.015821046360627877,0.0,-0.9985600870919998,0.0391440626652955,-0.03641760187164085,0.0,0.03576530814488323,-0.01724587838679373,-0.9992114002612108,0.0,0.0524821065855949,-0.4012968059108322,0.1434263441805382,1.0
2024-07-12T15:34:18.158517,-0.039746282433627614,-0.9990749575484793,0.01581800029772169,0.0,-0.9985599762692219,0.03914924802621416,-0.036415066571421975,0.0,0.03576280681688694,-0.017242917502300722,-0.9992115408884081,0.0,0.052479163103259084,-0.4012920577728243,0.1434268733798625,1.0
2024-07-12T15:34:18.158517,-0.039746282433627614,-0.9990749575484793,0.01581800029772169,0.0,-0.9985599762692219,0.03914924802621416,-0.036415066571421975,0.0,0.03576280681688694,-0.017242917502300722,-0.9992115408884081,0.0,0.052479163103259084,-0.4012920577728243,0.1434268733798625,1.0
2024-07-12T15:34:18.502384,-0.03973555045612241,-0.9990751575272971,0.01583232588610179,0.0,-0.9985604701895593,0.03913803486481825,-0.036413575805393686,0.0,0.035760941370321535,-0.017256780506222986,-0.9992113683294784,0.0,0.05248146715151881,-0.40129615775195504,0.14343108515299655,1.0
2024-07-12T15:34:18.502384,-0.03973555045612241,-0.9990751575272971,0.01583232588610179,0.0,-0.9985604701895593,0.03913803486481825,-0.036413575805393686,0.0,0.035760941370321535,-0.017256780506222986,-0.9992113683294784,0.0,0.05248146715151881,-0.40129615775195504,0.14343108515299655,1.0
2024-07-12T15:34:18.862443,-0.03974315804506016,-0.9990748163779077,0.015834758263496406,0.0,-0.9985601261576386,0.03914552768905782,-0.03641495587247424,0.0,0.03576209391477571,-0.0172595358552652,-0.9992112794904247,0.0,0.05248136125659092,-0.4012975070703422,0.14343347947747662,1.0
2024-07-12T15:34:18.862443,-0.03974315804506016,-0.9990748163779077,0.015834758263496406,0.0,-0.9985601261576386,0.03914552768905782,-0.03641495587247424,0.0,0.03576209391477571,-0.0172595358552652,-0.9992112794904247,0.0,0.05248136125659092,-0.4012975070703422,0.14343347947747662,1.0
2024-07-12T15:34:19.262090,-0.0397289871624901,-0.9990751883546827,0.015846844932247053,0.0,-0.9985606707586686,0.03913091847158919,-0.03641572372994715,0.0,0.03576263298899935,-0.017271128448275254,-0.999211059888659,0.0,0.05248693211000678,-0.40129983164890004,0.1434367384413982,1.0
2024-07-12T15:34:19.262090,-0.0397289871624901,-0.9990751883546827,0.015846844932247053,0.0,-0.9985606707586686,0.03913091847158919,-0.03641572372994715,0.0,0.03576263298899935,-0.017271128448275254,-0.999211059888659,0.0,0.05248693211000678,-0.40129983164890004,0.1434367384413982,1.0
2024-07-12T15:34:19.672009,-0.0397304982783693,-0.9990752300759415,0.015840424756462055,0.0,-0.9985606923557733,0.039132701820801065,-0.036413215065015166,0.0,0.03576035109774783,-0.01726467308892947,-0.999211253115425,0.0,0.052484068493216594,-0.4012965503637639,0.14343408790792656,1.0
2024-07-12T15:34:19.672009,-0.0397304982783693,-0.9990752300759415,0.015840424756462055,0.0,-0.9985606923557733,0.039132701820801065,-0.036413215065015166,0.0,0.03576035109774783,-0.01726467308892947,-0.999211253115425,0.0,0.052484068493216594,-0.4012965503637639,0.14343408790792656,1.0
2024-07-12T15:34:20.136940,-0.03972984549760848,-0.9990752267614645,0.015842270969550064,0.0,-0.9985606560870544,0.03913195223062529,-0.03641501518357667,0.0,0.03576208909228327,-0.017266563855159053,-0.9992111582425365,0.0,0.05248650737493532,-0.4012974012656589,0.14343579061956233,1.0
2024-07-12T15:34:20.136940,-0.03972984549760848,-0.9990752267614645,0.015842270969550064,0.0,-0.9985606560870544,0.03913195223062529,-0.03641501518357667,0.0,0.03576208909228327,-0.017266563855159053,-0.9992111582425365,0.0,0.05248650737493532,-0.4012974012656589,0.14343579061956233,1.0
2024-07-12T15:34:20.568811,-0.03973206201845598,-0.9990752117310502,0.015837659344986117,0.0,-0.9985606241188394,0.03913436217405174,-0.03641330193531492,0.0,0.03576051914486338,-0.017261970917332895,-0.999211293786524,0.0,0.05248287008069505,-0.4012979853501982,0.1434347577980304,1.0
2024-07-12T15:34:20.568811,-0.03973206201845598,-0.9990752117310502,0.015837659344986117,0.0,-0.9985606241188394,0.03913436217405174,-0.03641330193531492,0.0,0.03576051914486338,-0.017261970917332895,-0.999211293786524,0.0,0.05248287008069505,-0.4012979853501982,0.1434347577980304,1.0
2024-07-12T15:34:21.071110,-0.03972826155869158,-0.999075347451646,0.01583863154144866,0.0,-0.9985607838827275,0.039130533502272295,-0.03641303531084213,0.0,0.03576028029899526,-0.017262795280936587,-0.9992112880927766,0.0,0.052483132895143746,-0.4012970143652126,0.14343473082794542,1.0
2024-07-12T15:34:21.071110,-0.03972826155869158,-0.999075347451646,0.01583863154144866,0.0,-0.9985607838827275,0.039130533502272295,-0.03641303531084213,0.0,0.03576028029899526,-0.017262795280936587,-0.9992112880927766,0.0,0.052483132895143746,-0.4012970143652126,0.14343473082794542,1.0
2024-07-12T15:34:21.544245,-0.04170638646714363,-0.9990061154250081,0.015103164320668135,0.0,-0.9984772615359081,0.041132541822971457,-0.036496836851212765,0.0,0.035840021701429775,-0.016602636986182615,-0.9992196181468547,0.0,0.05176683516813599,-0.4010932237381839,0.14324583366822033,1.0
2024-07-12T15:34:21.544245,-0.04170638646714363,-0.9990061154250081,0.015103164320668135,0.0,-0.9984772615359081,0.041132541822971457,-0.036496836851212765,0.0,0.035840021701429775,-0.016602636986182615,-0.9992196181468547,0.0,0.05176683516813599,-0.4010932237381839,0.14324583366822033,1.0
2024-07-12T15:34:22.013653,-0.04464719762333271,-0.9988812869715566,0.014951561244169579,0.0,-0.998347534390982,0.04407534675462334,-0.03661026201920791,0.0,0.03591100179381778,-0.016561718771233785,-0.9992177487522462,0.0,0.05063398226330327,-0.4010903286634115,0.14314749492641773,1.0
2024-07-12T15:34:22.013653,-0.04464719762333271,-0.9988812869715566,0.014951561244169579,0.0,-0.998347534390982,0.04407534675462334,-0.03661026201920791,0.0,0.03591100179381778,-0.016561718771233785,-0.9992177487522462,0.0,0.05063398226330327,-0.4010903286634115,0.14314749492641773,1.0
2024-07-12T15:34:22.490345,-0.04374309524300882,-0.9989224128249489,0.014876211740617953,0.0,-0.998388391240758,0.04317511840150921,-0.03656878843926149,0.0,0.03588779112975313,-0.0164521858586521,-0.9992203921199263,0.0,0.050979308076249355,-0.40104448982567015,0.14312254513396608,1.0
2024-07-12T15:34:22.490345,-0.04374309524300882,-0.9989224128249489,0.014876211740617953,0.0,-0.998388391240758,0.04317511840150921,-0.03656878843926149,0.0,0.03588779112975313,-0.0164521858586521,-0.9992203921199263,0.0,0.050979308076249355,-0.40104448982567015,0.14312254513396608,1.0
2024-07-12T15:34:22.984882,-0.043470219628905335,-0.998934236401706,0.014882145381745813,0.0,-0.9984006505272539,0.04290240177106053,-0.03655505232165185,0.0,0.035878304265707206,-0.016447716452854273,-0.9992208063819047,0.0,0.05108163140571506,-0.40103959110090903,0.14312389160024408,1.0
2024-07-12T15:34:22.984882,-0.043470219628905335,-0.998934236401706,0.014882145381745813,0.0,-0.9984006505272539,0.04290240177106053,-0.03655505232165185,0.0,0.035878304265707206,-0.016447716452854273,-0.9992208063819047,0.0,0.05108163140571506,-0.40103959110090903,0.14312389160024408,1.0
2024-07-12T15:34:23.515254,-0.04324514410120922,-0.9989435162596356,0.014914950073983876,0.0,-0.9984107937464834,0.04267647652144813,-0.03654247095421424,0.0,0.03586803748203653,-0.016471848698414806,-0.9992207774499305,0.0,0.05116600787532513,-0.4010418438660529,0.14313478562507806,1.0
2024-07-12T15:34:23.515254,-0.04324514410120922,-0.9989435162596356,0.014914950073983876,0.0,-0.9984107937464834,0.04267647652144813,-0.03654247095421424,0.0,0.03586803748203653,-0.016471848698414806,-0.9992207774499305,0.0,0.05116600787532513,-0.4010418438660529,0.14313478562507806,1.0
2024-07-12T15:34:24.096536,-0.04315895145744631,-0.9989474720759884,0.014899659167045005,0.0,-0.9984146475350831,0.04259096957696985,-0.036536937461937674,0.0,0.03586458088902928,-0.016453250642041655,-0.9992212079319396,0.0,0.051197883105453874,-0.40103552648549373,0.14312964473642353,1.0
2024-07-12T15:34:24.096536,-0.04315895145744631,-0.9989474720759884,0.014899659167045005,0.0,-0.9984146475350831,0.04259096957696985,-0.036536937461937674,0.0,0.03586458088902928,-0.016453250642041655,-0.9992212079319396,0.0,0.051197883105453874,-0.40103552648549373,0.14312964473642353,1.0
2024-07-12T15:34:24.634481,-0.0430199608224747,-0.9989540056265724,0.014863529683970329,0.0,-0.9984209288905371,0.04245354156301632,-0.03652523050334361,0.0,0.035856706195244135,-0.01641168907481864,-0.9992221740346534,0.0,0.05124854237579892,-0.40102005352726855,0.1431166352469557,1.0
2024-07-12T15:34:24.634481,-0.0430199608224747,-0.9989540056265724,0.014863529683970329,0.0,-0.9984209288905371,0.04245354156301632,-0.03652523050334361,0.0,0.035856706195244135,-0.01641168907481864,-0.9992221740346534,0.0,0.05124854237579892,-0.40102005352726855,0.1431166352469557,1.0
2024-07-12T15:34:25.210345,-0.04298283068241298,-0.9989555589643324,0.014866552458243028,0.0,-0.9984226923126927,0.042416405931303455,-0.03652017092174635,0.0,0.03585213229738325,-0.016413159658173467,-0.9992223140021275,0.0,0.051258984197681046,-0.4010166208841073,0.14311825742696888,1.0
2024-07-12T15:34:25.210345,-0.04298283068241298,-0.9989555589643324,0.014866552458243028,0.0,-0.9984226923126927,0.042416405931303455,-0.03652017092174635,0.0,0.03585213229738325,-0.016413159658173467,-0.9992223140021275,0.0,0.051258984197681046,-0.4010166208841073,0.14311825742696888,1.0
2024-07-12T15:34:25.803295,-0.042954122089757664,-0.9989563201239802,0.014898348266249258,0.0,-0.9984238256514787,0.04238651113706967,-0.03652389555210478,0.0,0.035854977612038035,-0.016444034339233006,-0.9992217042854356,0.0,0.05127237931278588,-0.40102970960675693,0.14312917792281535,1.0
2024-07-12T15:34:25.803295,-0.042954122089757664,-0.9989563201239802,0.014898348266249258,0.0,-0.9984238256514787,0.04238651113706967,-0.03652389555210478,0.0,0.035854977612038035,-0.016444034339233006,-0.9992217042854356,0.0,0.05127237931278588,-0.40102970960675693,0.14312917792281535,1.0
2024-07-12T15:34:26.437143,-0.04305872009869028,-0.9989524458761787,0.01485612340656898,0.0,-0.9984192213855427,0.04249252370392601,-0.036526575234563305,0.0,0.03585772786642224,-0.016405742604966085,-0.999222235021738,0.0,0.05123422477237985,-0.40101803915763756,0.14311568753625467,1.0
2024-07-12T15:34:26.437143,-0.04305872009869028,-0.9989524458761787,0.01485612340656898,0.0,-0.9984192213855427,0.04249252370392601,-0.036526575234563305,0.0,0.03585772786642224,-0.016405742604966085,-0.999222235021738,0.0,0.05123422477237985,-0.40101803915763756,0.14311568753625467,1.0
2024-07-12T15:34:27.038277,-0.04325776730706826,-0.9989451132203376,0.014770688610319617,0.0,-0.9984105446349503,0.04269450193730337,-0.036528218780507715,0.0,0.03585974886323044,-0.016327654806162273,-0.9992234415284685,0.0,0.05115449282062957,-0.4009938946599054,0.14308922542584188,1.0
2024-07-12T15:34:27.038277,-0.04325776730706826,-0.9989451132203376,0.014770688610319617,0.0,-0.9984105446349503,0.04269450193730337,-0.036528218780507715,0.0,0.03585974886323044,-0.016327654806162273,-0.9992234415284685,0.0,0.05115449282062957,-0.4009938946599054,0.14308922542584188,1.0
2024-07-12T15:34:27.676178,-0.043038566450493934,-0.9989583233042858,0.014515405615580297,0.0,-0.9984206776927653,0.042485105115183004,-0.03649538464079597,0.0,0.03584136977318014,-0.01606349942083342,-0.9992283824027113,0.0,0.05122126293004501,-0.40091100564582605,0.1429992539716943,1.0
2024-07-12T15:34:27.676178,-0.043038566450493934,-0.9989583233042858,0.014515405615580297,0.0,-0.9984206776927653,0.042485105115183004,-0.03649538464079597,0.0,0.03584136977318014,-0.01606349942083342,-0.9992283824027113,0.0,0.05122126293004501,-0.40091100564582605,0.1429992539716943,1.0
2024-07-12T15:34:28.362096,-0.039555969446003696,-0.9990848981500792,0.015666476018580983,0.0,-0.9985672709655855,0.03896448642616947,-0.036413198913250025,0.0,0.03577012962123046,-0.01708471852093943,-0.9992139962089905,0.0,0.05255505893782167,-0.4012540455697378,0.14337128061273077,1.0
2024-07-12T15:34:28.362096,-0.039555969446003696,-0.9990848981500792,0.015666476018580983,0.0,-0.9985672709655855,0.03896448642616947,-0.036413198913250025,0.0,0.03577012962123046,-0.01708471852093943,-0.9992139962089905,0.0,0.05255505893782167,-0.4012540455697378,0.14337128061273077,1.0
2024-07-12T15:34:29.027612,-0.0395794261855145,-0.9990838474078869,0.015674239142237728,0.0,-0.9985663213690599,0.038987631584102636,-0.03641446569887412,0.0,0.035770691727356675,-0.01709336007788697,-0.9992138282943216,0.0,0.05254803442662356,-0.4012556475864212,0.1433739837113659,1.0
2024-07-12T15:34:29.027612,-0.0395794261855145,-0.9990838474078869,0.015674239142237728,0.0,-0.9985663213690599,0.038987631584102636,-0.03641446569887412,0.0,0.035770691727356675,-0.01709336007788697,-0.9992138282943216,0.0,0.05254803442662356,-0.4012556475864212,0.1433739837113659,1.0
2024-07-12T15:34:29.705927,-0.03961046659634422,-0.9990824833328298,0.015682771908490736,0.0,-0.9985650560677249,0.03901831932555554,-0.03641629386248147,0.0,0.035771654618871045,-0.017103063688676708,-0.9992136277785092,0.0,0.05253505985739742,-0.4012599858967978,0.14337725731713793,1.0
2024-07-12T15:34:29.705927,-0.03961046659634422,-0.9990824833328298,0.015682771908490736,0.0,-0.9985650560677249,0.03901831932555554,-0.03641629386248147,0.0,0.035771654618871045,-0.017103063688676708,-0.9992136277785092,0.0,0.05253505985739742,-0.4012599858967978,0.14337725731713793,1.0
2024-07-12T15:34:30.463550,-0.03960223259534528,-0.999082636962302,0.015693775680992946,0.0,-0.9985654222258945,0.0390097098494316,-0.036415477114720034,0.0,0.03577054996018948,-0.017113725426223126,-0.9992134847756915,0.0,0.05253888315734545,-0.4012622892794532,0.14338125274593652,1.0
2024-07-12T15:34:30.463550,-0.03960223259534528,-0.999082636962302,0.015693775680992946,0.0,-0.9985654222258945,0.0390097098494316,-0.036415477114720034,0.0,0.03577054996018948,-0.017113725426223126,-0.9992134847756915,0.0,0.05253888315734545,-0.4012622892794532,0.14338125274593652,1.0
2024-07-12T15:34:31.242189,-0.03959564695825113,-0.9990830448872585,0.015684420995677063,0.0,-0.9985656837232958,0.03900347068204595,-0.036414989581076224,0.0,0.03577054050947993,-0.01710412895427742,-0.999213649428577,0.0,0.05254188606027707,-0.40126004190485676,0.14337875235862,1.0
2024-07-12T15:34:31.242189,-0.03959564695825113,-0.9990830448872585,0.015684420995677063,0.0,-0.9985656837232958,0.03900347068204595,-0.036414989581076224,0.0,0.03577054050947993,-0.01710412895427742,-0.999213649428577,0.0,0.05254188606027707,-0.40126004190485676,0.14337875235862,1.0
2024-07-12T15:34:31.958875,-0.039588530600147435,-0.9990832275474135,0.015690748215850293,0.0,-0.9985659849297784,0.038996138591150774,-0.0364145824829775,0.0,0.03577000868837156,-0.01711017668328672,-0.9992135649260876,0.0,0.052541736981754864,-0.40126044631348307,0.14338030025326973,1.0
2024-07-12T15:34:31.958875,-0.039588530600147435,-0.9990832275474135,0.015690748215850293,0.0,-0.9985659849297784,0.038996138591150774,-0.0364145824829775,0.0,0.03577000868837156,-0.01711017668328672,-0.9992135649260876,0.0,0.052541736981754864,-0.40126044631348307,0.14338030025326973,1.0
2024-07-12T15:34:32.726813,-0.039585943608156225,-0.999083315707721,0.015691661617765612,0.0,-0.9985660830891281,0.038993518301387406,-0.03641469669960778,0.0,0.035770131510539364,-0.017111000648656855,-0.9992135464196432,0.0,0.052541832349784795,-0.40126142958811634,0.14338014872117494,1.0
2024-07-12T15:34:32.726813,-0.039585943608156225,-0.999083315707721,0.015691661617765612,0.0,-0.9985660830891281,0.038993518301387406,-0.03641469669960778,0.0,0.035770131510539364,-0.017111000648656855,-0.9992135464196432,0.0,0.052541832349784795,-0.40126142958811634,0.14338014872117494,1.0
2024-07-12T15:34:33.476702,-0.03959788048706359,-0.9990828216003769,0.01569300306411526,0.0,-0.9985656010421855,0.039005392410836615,-0.03641519846634763,0.0,0.03577037618086245,-0.01711278718784047,-0.9992135070657039,0.0,0.052539611994306,-0.40126197770033734,0.14338113708867087,1.0
2024-07-12T15:34:33.476702,-0.03959788048706359,-0.9990828216003769,0.01569300306411526,0.0,-0.9985656010421855,0.039005392410836615,-0.03641519846634763,0.0,0.03577037618086245,-0.01711278718784047,-0.9992135070657039,0.0,0.052539611994306,-0.40126197770033734,0.14338113708867087,1.0
2024-07-12T15:34:34.239886,-0.039582985011538875,-0.9990834271429359,0.0156920300506469,0.0,-0.9985662219725499,0.038990559009239964,-0.03641405696738147,0.0,0.03576952848175066,-0.017111237678252907,-0.9992135639478237,0.0,0.05254185635599393,-0.40126063886370456,0.14338037447160623,1.0
2024-07-12T15:34:34.239886,-0.039582985011538875,-0.9990834271429359,0.0156920300506469,0.0,-0.9985662219725499,0.038990559009239964,-0.03641405696738147,0.0,0.03576952848175066,-0.017111237678252907,-0.9992135639478237,0.0,0.05254185635599393,-0.40126063886370456,0.14338037447160623,1.0
2024-07-12T15:34:35.010402,-0.040580829346258465,-0.9990428374179652,0.01572743445830007,0.0,-0.99851802453581,0.039982401427040855,-0.03665936653079343,0.0,0.035996149996371817,-0.017192125285132785,-0.9992040372284426,0.0,0.05233726458168838,-0.4012843336254714,0.14339195964020787,1.0
2024-07-12T15:34:35.010402,-0.040580829346258465,-0.9990428374179652,0.01572743445830007,0.0,-0.99851802453581,0.039982401427040855,-0.03665936653079343,0.0,0.035996149996371817,-0.017192125285132785,-0.9992040372284426,0.0,0.05233726458168838,-0.4012843336254714,0.14339195964020787,1.0
2024-07-12T15:34:35.841635,-0.04427186190520608,-0.998900233520798,0.014801101876210173,0.0,-0.9983648762322588,0.04370611414557011,-0.036579999907727694,0.0,0.03589356286424992,-0.016396680634063163,-0.99922109715973,0.0,0.05076947099922521,-0.4010183604231632,0.14309058578094686,1.0
2024-07-12T15:34:35.841635,-0.04427186190520608,-0.998900233520798,0.014801101876210173,0.0,-0.9983648762322588,0.04370611414557011,-0.036579999907727694,0.0,0.03589356286424992,-0.016396680634063163,-0.99922109715973,0.0,0.05076947099922521,-0.4010183604231632,0.14309058578094686,1.0
2024-07-12T15:34:36.652009,-0.04290254555320672,-0.9989559176129904,0.015072927792952783,0.0,-0.9984249458362179,0.042328084208344795,-0.036561013667627755,0.0,0.0358855237078529,-0.016618067618916505,-0.99921772853409,0.0,0.05131210023335446,-0.40109720576390956,0.143183766560949,1.0
2024-07-12T15:34:36.652009,-0.04290254555320672,-0.9989559176129904,0.015072927792952783,0.0,-0.9984249458362179,0.042328084208344795,-0.036561013667627755,0.0,0.0358855237078529,-0.016618067618916505,-0.99921772853409,0.0,0.05131210023335446,-0.40109720576390956,0.143183766560949,1.0
2024-07-12T15:34:37.513252,-0.04280018231284713,-0.9989614601375633,0.014996414738952538,0.0,-0.9984296231183266,0.04222873464168624,-0.03654816755415654,0.0,0.03587762196206469,-0.01653745134764161,-0.9992193497652413,0.0,0.05134819257321539,-0.4010710572043937,0.1431595139775111,1.0
2024-07-12T15:34:37.513252,-0.04280018231284713,-0.9989614601375633,0.014996414738952538,0.0,-0.9984296231183266,0.04222873464168624,-0.03654816755415654,0.0,0.03587762196206469,-0.01653745134764161,-0.9992193497652413,0.0,0.05134819257321539,-0.4010710572043937,0.1431595139775111,1.0
2024-07-12T15:34:38.391244,-0.04286895185278849,-0.9989595347397201,0.014928088318779653,0.0,-0.998426698006045,0.042299960084011774,-0.03654571092268907,0.0,0.03587691958192386,-0.016471595378885664,-0.9992204627543345,0.0,0.05131969906681163,-0.4010509749213764,0.14313826582073086,1.0
2024-07-12T15:34:38.391244,-0.04286895185278849,-0.9989595347397201,0.014928088318779653,0.0,-0.998426698006045,0.042299960084011774,-0.03654571092268907,0.0,0.03587691958192386,-0.016471595378885664,-0.9992204627543345,0.0,0.05131969906681163,-0.4010509749213764,0.14313826582073086,1.0
2024-07-12T15:34:39.419175,-0.042898243032892885,-0.9989568745593329,0.015021664906008455,0.0,-0.9984252006157991,0.042325693561983936,-0.03655682345345131,0.0,0.035883578585358025,-0.016566551251829306,-0.999218653832848,0.0,0.05131352449304334,-0.40108475779347375,0.14316842742515398,1.0
2024-07-12T15:34:39.419175,-0.042898243032892885,-0.9989568745593329,0.015021664906008455,0.0,-0.9984252006157991,0.042325693561983936,-0.03655682345345131,0.0,0.035883578585358025,-0.016566551251829306,-0.999218653832848,0.0,0.05131352449304334,-0.40108475779347375,0.14316842742515398,1.0
2024-07-12T15:34:40.403338,-0.042908118756147084,-0.9989572188232503,0.014970477845872849,0.0,-0.99842460287965,0.042337354665660173,-0.03655964531742686,0.0,0.03588840214033795,-0.016515916983728247,-0.9992193188074379,0.0,0.0513124835875222,-0.4010719749054569,0.1431522935733938,1.0
2024-07-12T15:34:40.403338,-0.042908118756147084,-0.9989572188232503,0.014970477845872849,0.0,-0.99842460287965,0.042337354665660173,-0.03655964531742686,0.0,0.03588840214033795,-0.016515916983728247,-0.9992193188074379,0.0,0.0513124835875222,-0.4010719749054569,0.1431522935733938,1.0
2024-07-12T15:34:41.296907,-0.04288988677739125,-0.9989579206176145,0.014975892252649265,0.0,-0.9984255404677755,0.042319010236296424,-0.03655527890002984,0.0,0.03588411134037391,-0.016520483159971018,-0.999219397424546,0.0,0.0513165295684396,-0.40107482007322265,0.14315566356667506,1.0
2024-07-12T15:34:41.296907,-0.04288988677739125,-0.9989579206176145,0.014975892252649265,0.0,-0.9984255404677755,0.042319010236296424,-0.03655527890002984,0.0,0.03588411134037391,-0.016520483159971018,-0.999219397424546,0.0,0.0513165295684396,-0.40107482007322265,0.14315566356667506,1.0
2024-07-12T15:34:42.269704,-0.042828157873221424,-0.9989608071827887,0.014959996895253593,0.0,-0.9984283587969183,0.04225799026400152,-0.03654889205089712,0.0,0.035879422091709794,-0.01650212458361714,-0.999219869175244,0.0,0.051334578721740784,-0.40106344093362045,0.1431490979985246,1.0
2024-07-12T15:34:42.269704,-0.042828157873221424,-0.9989608071827887,0.014959996895253593,0.0,-0.9984283587969183,0.04225799026400152,-0.03654889205089712,0.0,0.035879422091709794,-0.01650212458361714,-0.999219869175244,0.0,0.051334578721740784,-0.40106344093362045,0.1431490979985246,1.0
2024-07-12T15:34:43.175181,-0.04293162299009055,-0.9989560697620935,0.014979764154234725,0.0,-0.9984236790221354,0.042360539923583906,-0.036558018634696196,0.0,0.03588599463270406,-0.016525964487071276,-0.9992192391497441,0.0,0.05129951685486735,-0.4010754129348073,0.14315659457201244,1.0
2024-07-12T15:34:43.175181,-0.04293162299009055,-0.9989560697620935,0.014979764154234725,0.0,-0.9984236790221354,0.042360539923583906,-0.036558018634696196,0.0,0.03588599463270406,-0.016525964487071276,-0.9992192391497441,0.0,0.05129951685486735,-0.4010754129348073,0.14315659457201244,1.0
2024-07-12T15:34:44.147199,-0.04376900937052493,-0.9989278920822187,0.014425225825148321,0.0,-0.9983879883492619,0.04321784404431162,-0.03652929751971981,0.0,0.03586739756915148,-0.016001131429857103,-0.9992284491469309,0.0,0.05095148113756743,-0.40087114416790753,0.14296452781504898,1.0
2024-07-12T15:34:44.147199,-0.04376900937052493,-0.9989278920822187,0.014425225825148321,0.0,-0.9983879883492619,0.04321784404431162,-0.03652929751971981,0.0,0.03586739756915148,-0.016001131429857103,-0.9992284491469309,0.0,0.05095148113756743,-0.40087114416790753,0.14296452781504898,1.0
2024-07-12T15:34:45.117773,-0.03946086792112273,-0.9990886609907654,0.015666342387411724,0.0,-0.9985709628840852,0.03886943306492208,-0.036413543622818664,0.0,0.035772105417130655,-0.017081193504015546,-0.9992139857420452,0.0,0.05259756961429443,-0.4012500416402991,0.14336914003926213,1.0
2024-07-12T15:34:45.117773,-0.03946086792112273,-0.9990886609907654,0.015666342387411724,0.0,-0.9985709628840852,0.03886943306492208,-0.036413543622818664,0.0,0.035772105417130655,-0.017081193504015546,-0.9992139857420452,0.0,0.05259756961429443,-0.4012500416402991,0.14336914003926213,1.0
2024-07-12T15:34:46.071815,-0.039562088832383914,-0.9990845761619667,0.015671557155900566,0.0,-0.9985669555520519,0.03897038078930634,-0.036415540663998845,0.0,0.035772167185142124,-0.01709010300999762,-0.9992138311862911,0.0,0.052556590467280166,-0.40125339046249225,0.14337010677444353,1.0
2024-07-12T15:34:46.071815,-0.039562088832383914,-0.9990845761619667,0.015671557155900566,0.0,-0.9985669555520519,0.03897038078930634,-0.036415540663998845,0.0,0.035772167185142124,-0.01709010300999762,-0.9992138311862911,0.0,0.052556590467280166,-0.40125339046249225,0.14337010677444353,1.0
2024-07-12T15:34:47.101164,-0.0395539868525938,-0.999084961981215,0.015667411026311688,0.0,-0.9985672600816711,0.03896242865317208,-0.036415699191953824,0.0,0.035772625792318366,-0.017085678740444653,-0.9992138904288217,0.0,0.05256023790509107,-0.4012535761878545,0.14336886317057024,1.0
2024-07-12T15:34:47.101164,-0.0395539868525938,-0.999084961981215,0.015667411026311688,0.0,-0.9985672600816711,0.03896242865317208,-0.036415699191953824,0.0,0.035772625792318366,-0.017085678740444653,-0.9992138904288217,0.0,0.05256023790509107,-0.4012535761878545,0.14336886317057024,1.0
