[
    {
        "timestamp": "2024-07-12T13:28:01.576273",
        "attribute_name": "elbow",
        "values": [
            0.2010910805839524,
            -1.0
        ]
    },
    {
        "timestamp": "2024-07-12T13:28:01.576273",
        "attribute_name": "O_T_EE",
        "values": [
            -0.03995039367993621,
            -0.9990660973993973,
            0.015863353150089455,
            0.0,
            -0.9985528059318897,
            0.03935201159298506,
            -0.03639312916394817,
            0.0,
            0.03573557468946183,
            -0.01729464861243308,
            -0.9992116211448837,
            0.0,
            0.05244161144558835,
            -0.4013340460066494,
            0.14343452859181163,
            1.0
        ]
    },
    {
        "timestamp": "2024-07-12T13:28:01.576273",
        "attribute_name": "tau_J_d",
        "values": [
            0.0,
            0.0,
            0.0,
            0.0,
            0.0,
            0.0,
            0.0
        ]
    },
    {
        "timestamp": "2024-07-12T13:28:01.576273",
        "attribute_name": "q",
        "values": [
            -1.6390629638666148,
            -0.06832822346164469,
            0.2010910805839524,
            -2.7256622640040824,
            0.10485297458702489,
            2.6783944952223027,
            0.8642316767676835
        ]
    },
    {
        "timestamp": "2024-07-12T13:28:01.576273",
        "attribute_name": "q_d",
        "values": [
            -1.6391983855105283,
            -0.06840131119991602,
            0.20118867360081463,
            -2.72564971009265,
            0.10486730949397637,
            2.6784172643256468,
            0.8642345166304186
        ]
    },
    {
        "timestamp": "2024-07-12T13:28:01.576273",
        "attribute_name": "dq",
        "values": [
            -0.00013618560331998564,
            0.0016686455643477067,
            0.00022834127036403104,
            0.000536101077483152,
            -0.0001380027937115209,
            -0.0005083399372994203,
            0.001270924071528621
        ]
    },
    {
        "timestamp": "2024-07-12T13:28:01.576273",
        "attribute_name": "tau_J",
        "values": [
            -0.07357162237167358,
            -20.735586166381836,
            -0.6218365430831909,
            16.236948013305664,
            0.383017897605896,
            2.530406951904297,
            0.03191014751791954
        ]
    },
    {
        "timestamp": "2024-07-12T13:28:01.576273",
        "attribute_name": "dtau_J",
        "values": [
            43.19759750366211,
            -94.35009002685547,
            117.77632141113281,
            -72.83357238769531,
            -4.950418472290039,
            -7.493988037109375,
            -73.12744140625
        ]
    },
    {
        "timestamp": "2024-07-12T13:28:01.576273",
        "attribute_name": "ddq_d",
        "values": [
            0.0,
            0.0,
            0.0,
            0.0,
            0.0,
            0.0,
            0.0
        ]
    },
    {
        "timestamp": "2024-07-12T13:28:01.576273",
        "attribute_name": "delbow_c",
        "values": [
            0.0,
            0.0
        ]
    },
    {
        "timestamp": "2024-07-12T13:28:01.576273",
        "attribute_name": "elbow_c",
        "values": [
            0.20118867360081463,
            -1.0
        ]
    },
    {
        "timestamp": "2024-07-12T13:28:01.576273",
        "attribute_name": "elbow_d",
        "values": [
            0.20118867360081463,
            -1.0
        ]
    },
    {
        "timestamp": "2024-07-12T13:28:01.576273",
        "attribute_name": "F_T_EE",
        "values": [
            0.707099974155426,
            -0.707099974155426,
            0.0,
            0.0,
            0.707099974155426,
            0.707099974155426,
            0.0,
            0.0,
            0.0,
            0.0,
            1.0,
            0.0,
            0.0,
            0.0,
            0.10339999943971634,
            1.0
        ]
    },
    {
        "timestamp": "2024-07-12T13:28:01.576273",
        "attribute_name": "O_ddP_EE_c",
        "values": [
            0.0,
            0.0,
            0.0,
            0.0,
            0.0,
            0.0
        ]
    },
    {
        "timestamp": "2024-07-12T13:28:01.576273",
        "attribute_name": "O_dP_EE_d",
        "values": [
            0.0,
            0.0,
            0.0,
            0.0,
            0.0,
            0.0
        ]
    },
    {
        "timestamp": "2024-07-12T13:28:01.576273",
        "attribute_name": "O_T_EE",
        "values": [
            -0.03995039367993621,
            -0.9990660973993973,
            0.015863353150089455,
            0.0,
            -0.9985528059318897,
            0.03935201159298506,
            -0.03639312916394817,
            0.0,
            0.03573557468946183,
            -0.01729464861243308,
            -0.9992116211448837,
            0.0,
            0.05244161144558835,
            -0.4013340460066494,
            0.14343452859181163,
            1.0
        ]
    },
    {
        "timestamp": "2024-07-12T13:28:01.576273",
        "attribute_name": "O_F_ext_hat_K",
        "values": [
            -0.21070709231248766,
            0.054901677300650965,
            -0.9525155361312276,
            0.043343058103368526,
            -0.041653453036706534,
            -0.16782549034200295
        ]
    },
    {
        "timestamp": "2024-07-12T13:28:01.576273",
        "attribute_name": "m_ee",
        "values": 0.7300000190734863
    },
    {
        "timestamp": "2024-07-12T13:28:01.576273",
        "attribute_name": "tau_ext_hat_filtered",
        "values": [
            -0.09181559277724013,
            0.06059885527652333,
            -0.24350187146688335,
            -0.03529224624928886,
            0.07259199841806863,
            0.2365812814590897,
            0.08387345343618818
        ]
    },
    {
        "timestamp": "2024-07-12T13:28:01.576273",
        "attribute_name": "joint_contact",
        "values": [
            0.0,
            0.0,
            0.0,
            0.0,
            0.0,
            0.0,
            0.0
        ]
    },
    {
        "timestamp": "2024-07-12T13:28:01.576273",
        "attribute_name": "dq_d",
        "values": [
            0.0,
            0.0,
            0.0,
            0.0,
            0.0,
            0.0,
            0.0
        ]
    },
    {
        "timestamp": "2024-07-12T13:28:01.576273",
        "attribute_name": "EE_T_K",
        "values": [
            1.0,
            0.0,
            0.0,
            0.0,
            0.0,
            1.0,
            0.0,
            0.0,
            0.0,
            0.0,
            1.0,
            0.0,
            0.0,
            0.0,
            0.0,
            1.0
        ]
    },
    {
        "timestamp": "2024-07-12T13:28:01.576273",
        "attribute_name": "K_F_ext_hat_K",
        "values": [
            -0.061543848432794215,
            0.24723243062749625,
            0.9432853487712916,
            0.07318444110945681,
            0.33129846147426173,
            0.07530377973822475
        ]
    },
    {
        "timestamp": "2024-07-12T13:28:01.576273",
        "attribute_name": "O_dP_EE_c",
        "values": [
            0.0,
            0.0,
            0.0,
            0.0,
            0.0,
            0.0
        ]
    },
    {
        "timestamp": "2024-07-12T13:28:01.576273",
        "attribute_name": "O_F_ext_hat_K",
        "values": [
            -0.21070709231248766,
            0.054901677300650965,
            -0.9525155361312276,
            0.043343058103368526,
            -0.041653453036706534,
            -0.16782549034200295
        ]
    },
    {
        "timestamp": "2024-07-12T13:28:01.576273",
        "attribute_name": "cartesian_contact",
        "values": [
            0.0,
            0.0,
            0.0,
            0.0,
            0.0,
            0.0
        ]
    },
    {
        "timestamp": "2024-07-12T13:28:01.576273",
        "attribute_name": "joint_collision",
        "values": [
            0.0,
            0.0,
            0.0,
            0.0,
            0.0,
            0.0,
            0.0
        ]
    },
    {
        "timestamp": "2024-07-12T13:28:01.576273",
        "attribute_name": "cartesian_collision",
        "values": [
            0.0,
            0.0,
            0.0,
            0.0,
            0.0,
            0.0
        ]
    },
    {
        "timestamp": "2024-07-12T13:28:01.576273",
        "attribute_name": "theta",
        "values": [
            -1.6390681266784668,
            -0.06978335231542587,
            0.2010473608970642,
            -2.724522829055786,
            0.10489553213119507,
            2.678675651550293,
            0.8642352223396301
        ]
    },
    {
        "timestamp": "2024-07-12T13:28:01.576273",
        "attribute_name": "control_command_success_rate",
        "values": 0.0
    },
    {
        "timestamp": "2024-07-12T13:28:01.576273",
        "attribute_name": "ddelbow_c",
        "values": [
            0.0,
            0.0
        ]
    },
    {
        "timestamp": "2024-07-12T13:28:01.576273",
        "attribute_name": "O_T_EE_d",
        "values": [
            -0.040004519292412735,
            -0.9990622295742744,
            0.015970183952321013,
            0.0,
            -0.9985507590666136,
            0.03940225977001804,
            -0.036394922636463475,
            0.0,
            0.0357322191736499,
            -0.017403335760922577,
            -0.999209854043343,
            0.0,
            0.05242536763458485,
            -0.401360862428248,
            0.14346941317396664,
            1.0
        ]
    },
    {
        "timestamp": "2024-07-12T13:28:01.597890",
        "attribute_name": "elbow",
        "values": [
            0.20109401995993093,
            -1.0
        ]
    },
    {
        "timestamp": "2024-07-12T13:28:01.597890",
        "attribute_name": "O_T_EE",
        "values": [
            -0.039943899341820556,
            -0.9990662438918511,
            0.01587047958970253,
            0.0,
            -0.9985530245607811,
            0.039345243006609486,
            -0.03639444867662446,
            0.0,
            0.03573672530448444,
            -0.017301584699187175,
            -0.9992114599179739,
            0.0,
            0.05244381797616846,
            -0.401336193098121,
            0.1434368424097616,
            1.0
        ]
    },
    {
        "timestamp": "2024-07-12T13:28:01.597890",
        "attribute_name": "tau_J_d",
        "values": [
            0.0,
            0.0,
            0.0,
            0.0,
            0.0,
            0.0,
            0.0
        ]
    },
    {
        "timestamp": "2024-07-12T13:28:01.597890",
        "attribute_name": "q",
        "values": [
            -1.6390608949576644,
            -0.06833100752140346,
            0.20109401995993093,
            -2.7256590166036148,
            0.1048551691631183,
            2.6783956735399035,
            0.8642282181084155
        ]
    },
    {
        "timestamp": "2024-07-12T13:28:01.597890",
        "attribute_name": "q_d",
        "values": [
            -1.6391983855105283,
            -0.06840131119991602,
            0.20118867360081463,
            -2.72564971009265,
            0.10486730949397637,
            2.6784172643256468,
            0.8642345166304186
        ]
    },
    {
        "timestamp": "2024-07-12T13:28:01.597890",
        "attribute_name": "dq",
        "values": [
            0.0004982936252423659,
            0.00015362988410753676,
            0.0012337803760730957,
            0.0018388960600770148,
            -0.0004456611301090361,
            0.0004086264284893609,
            0.0005648201771198313
        ]
    },
    {
        "timestamp": "2024-07-12T13:28:01.597890",
        "attribute_name": "tau_J",
        "values": [
            -0.11324447393417358,
            -20.695913314819336,
            -0.6615093946456909,
            16.201242446899414,
            0.392173171043396,
            2.510265350341797,
            0.06303808093070984
        ]
    },
    {
        "timestamp": "2024-07-12T13:28:01.597890",
        "attribute_name": "dtau_J",
        "values": [
            -4.1161675453186035,
            -62.926300048828125,
            -80.56083679199219,
            -119.74589538574219,
            14.00721263885498,
            -20.574926376342773,
            -33.352264404296875
        ]
    },
    {
        "timestamp": "2024-07-12T13:28:01.597890",
        "attribute_name": "ddq_d",
        "values": [
            0.0,
            0.0,
            0.0,
            0.0,
            0.0,
            0.0,
            0.0
        ]
    },
    {
        "timestamp": "2024-07-12T13:28:01.597890",
        "attribute_name": "delbow_c",
        "values": [
            0.0,
            0.0
        ]
    },
    {
        "timestamp": "2024-07-12T13:28:01.597890",
        "attribute_name": "elbow_c",
        "values": [
            0.20118867360081463,
            -1.0
        ]
    },
    {
        "timestamp": "2024-07-12T13:28:01.597890",
        "attribute_name": "elbow_d",
        "values": [
            0.20118867360081463,
            -1.0
        ]
    },
    {
        "timestamp": "2024-07-12T13:28:01.597890",
        "attribute_name": "F_T_EE",
        "values": [
            0.707099974155426,
            -0.707099974155426,
            0.0,
            0.0,
            0.707099974155426,
            0.707099974155426,
            0.0,
            0.0,
            0.0,
            0.0,
            1.0,
            0.0,
            0.0,
            0.0,
            0.10339999943971634,
            1.0
        ]
    },
    {
        "timestamp": "2024-07-12T13:28:01.597890",
        "attribute_name": "O_ddP_EE_c",
        "values": [
            0.0,
            0.0,
            0.0,
            0.0,
            0.0,
            0.0
        ]
    },
    {
        "timestamp": "2024-07-12T13:28:01.597890",
        "attribute_name": "O_dP_EE_d",
        "values": [
            0.0,
            0.0,
            0.0,
            0.0,
            0.0,
            0.0
        ]
    },
    {
        "timestamp": "2024-07-12T13:28:01.597890",
        "attribute_name": "O_T_EE",
        "values": [
            -0.039943899341820556,
            -0.9990662438918511,
            0.01587047958970253,
            0.0,
            -0.9985530245607811,
            0.039345243006609486,
            -0.03639444867662446,
            0.0,
            0.03573672530448444,
            -0.017301584699187175,
            -0.9992114599179739,
            0.0,
            0.05244381797616846,
            -0.401336193098121,
            0.1434368424097616,
            1.0
        ]
    },
    {
        "timestamp": "2024-07-12T13:28:01.597890",
        "attribute_name": "O_F_ext_hat_K",
        "values": [
            -0.2084095765288919,
            0.06680050664571228,
            -0.9357596849137353,
            0.03348646409421978,
            -0.04490839897862517,
            -0.16418880637551714
        ]
    },
    {
        "timestamp": "2024-07-12T13:28:01.597890",
        "attribute_name": "m_ee",
        "values": 0.7300000190734863
    },
    {
        "timestamp": "2024-07-12T13:28:01.597890",
        "attribute_name": "tau_ext_hat_filtered",
        "values": [
            -0.09128838481900566,
            0.05494999937088039,
            -0.23696886287032348,
            -0.033578286217412455,
            0.0724623899988507,
            0.2370833580815954,
            0.08142928234410175
        ]
    },
    {
        "timestamp": "2024-07-12T13:28:01.597890",
        "attribute_name": "joint_contact",
        "values": [
            0.0,
            0.0,
            0.0,
            0.0,
            0.0,
            0.0,
            0.0
        ]
    },
    {
        "timestamp": "2024-07-12T13:28:01.597890",
        "attribute_name": "dq_d",
        "values": [
            0.0,
            0.0,
            0.0,
            0.0,
            0.0,
            0.0,
            0.0
        ]
    },
    {
        "timestamp": "2024-07-12T13:28:01.597890",
        "attribute_name": "EE_T_K",
        "values": [
            1.0,
            0.0,
            0.0,
            0.0,
            0.0,
            1.0,
            0.0,
            0.0,
            0.0,
            0.0,
            1.0,
            0.0,
            0.0,
            0.0,
            0.0,
            1.0
        ]
    },
    {
        "timestamp": "2024-07-12T13:28:01.597890",
        "attribute_name": "K_F_ext_hat_K",
        "values": [
            -0.07326580569194781,
            0.24479746609334258,
            0.9264181704841202,
            0.07597678945527471,
            0.33254158439866005,
            0.07321038408609734
        ]
    },
    {
        "timestamp": "2024-07-12T13:28:01.597890",
        "attribute_name": "O_dP_EE_c",
        "values": [
            0.0,
            0.0,
            0.0,
            0.0,
            0.0,
            0.0
        ]
    },
    {
        "timestamp": "2024-07-12T13:28:01.597890",
        "attribute_name": "O_F_ext_hat_K",
        "values": [
            -0.2084095765288919,
            0.06680050664571228,
            -0.9357596849137353,
            0.03348646409421978,
            -0.04490839897862517,
            -0.16418880637551714
        ]
    },
    {
        "timestamp": "2024-07-12T13:28:01.597890",
        "attribute_name": "cartesian_contact",
        "values": [
            0.0,
            0.0,
            0.0,
            0.0,
            0.0,
            0.0
        ]
    },
    {
        "timestamp": "2024-07-12T13:28:01.597890",
        "attribute_name": "joint_collision",
        "values": [
            0.0,
            0.0,
            0.0,
            0.0,
            0.0,
            0.0,
            0.0
        ]
    },
    {
        "timestamp": "2024-07-12T13:28:01.597890",
        "attribute_name": "cartesian_collision",
        "values": [
            0.0,
            0.0,
            0.0,
            0.0,
            0.0,
            0.0
        ]
    },
    {
        "timestamp": "2024-07-12T13:28:01.597890",
        "attribute_name": "theta",
        "values": [
            -1.6390681266784668,
            -0.06978335231542587,
            0.2010473608970642,
            -2.724522829055786,
            0.10490032285451889,
            2.678675651550293,
            0.8642352223396301
        ]
    },
    {
        "timestamp": "2024-07-12T13:28:01.597890",
        "attribute_name": "control_command_success_rate",
        "values": 0.0
    },
    {
        "timestamp": "2024-07-12T13:28:01.597890",
        "attribute_name": "ddelbow_c",
        "values": [
            0.0,
            0.0
        ]
    },
    {
        "timestamp": "2024-07-12T13:28:01.597890",
        "attribute_name": "O_T_EE_d",
        "values": [
            -0.040004519292412735,
            -0.9990622295742744,
            0.015970183952321013,
            0.0,
            -0.9985507590666136,
            0.03940225977001804,
            -0.036394922636463475,
            0.0,
            0.0357322191736499,
            -0.017403335760922577,
            -0.999209854043343,
            0.0,
            0.05242536763458485,
            -0.401360862428248,
            0.14346941317396664,
            1.0
        ]
    },
    {
        "timestamp": "2024-07-12T13:28:01.625374",
        "attribute_name": "elbow",
        "values": [
            0.20108570883700858,
            -1.0
        ]
    },
    {
        "timestamp": "2024-07-12T13:28:01.625374",
        "attribute_name": "O_T_EE",
        "values": [
            -0.03995406958027425,
            -0.9990659834515865,
            0.015861271547285078,
            0.0,
            -0.9985526647446512,
            0.03935576317787453,
            -0.036392946256816404,
            0.0,
            0.03573541021343531,
            -0.017292694214706285,
            -0.9992116608525313,
            0.0,
            0.052438811114678456,
            -0.40133228491605144,
            0.14343387161498575,
            1.0
        ]
    },
    {
        "timestamp": "2024-07-12T13:28:01.625374",
        "attribute_name": "tau_J_d",
        "values": [
            0.0,
            0.0,
            0.0,
            0.0,
            0.0,
            0.0,
            0.0
        ]
    },
    {
        "timestamp": "2024-07-12T13:28:01.625374",
        "attribute_name": "q",
        "values": [
            -1.639063758526572,
            -0.06833100752140346,
            0.20108570883700858,
            -2.7256675537134427,
            0.10485399207410184,
            2.678394774960788,
            0.8642282181084155
        ]
    },
    {
        "timestamp": "2024-07-12T13:28:01.625374",
        "attribute_name": "q_d",
        "values": [
            -1.6391983855105283,
            -0.06840131119991602,
            0.20118867360081463,
            -2.72564971009265,
            0.10486730949397637,
            2.6784172643256468,
            0.8642345166304186
        ]
    },
    {
        "timestamp": "2024-07-12T13:28:01.625374",
        "attribute_name": "dq",
        "values": [
            -0.00029782395526737243,
            0.0003856009701281215,
            -0.0015605863369972783,
            0.002431339911471474,
            0.00037902139170796495,
            0.0008002458221235614,
            0.0013408887302151162
        ]
    },
    {
        "timestamp": "2024-07-12T13:28:01.625374",
        "attribute_name": "tau_J",
        "values": [
            -0.07357162237167358,
            -20.695913314819336,
            -0.5464581251144409,
            16.312326431274414,
            0.373862624168396,
            2.499279022216797,
            0.06303808093070984
        ]
    },
    {
        "timestamp": "2024-07-12T13:28:01.625374",
        "attribute_name": "dtau_J",
        "values": [
            80.64896392822266,
            51.07235336303711,
            169.04339599609375,
            66.91079711914062,
            9.791437149047852,
            -30.71949577331543,
            -41.023983001708984
        ]
    },
    {
        "timestamp": "2024-07-12T13:28:01.625374",
        "attribute_name": "ddq_d",
        "values": [
            0.0,
            0.0,
            0.0,
            0.0,
            0.0,
            0.0,
            0.0
        ]
    },
    {
        "timestamp": "2024-07-12T13:28:01.625374",
        "attribute_name": "delbow_c",
        "values": [
            0.0,
            0.0
        ]
    },
    {
        "timestamp": "2024-07-12T13:28:01.625374",
        "attribute_name": "elbow_c",
        "values": [
            0.20118867360081463,
            -1.0
        ]
    },
    {
        "timestamp": "2024-07-12T13:28:01.625374",
        "attribute_name": "elbow_d",
        "values": [
            0.20118867360081463,
            -1.0
        ]
    },
    {
        "timestamp": "2024-07-12T13:28:01.625374",
        "attribute_name": "F_T_EE",
        "values": [
            0.707099974155426,
            -0.707099974155426,
            0.0,
            0.0,
            0.707099974155426,
            0.707099974155426,
            0.0,
            0.0,
            0.0,
            0.0,
            1.0,
            0.0,
            0.0,
            0.0,
            0.10339999943971634,
            1.0
        ]
    },
    {
        "timestamp": "2024-07-12T13:28:01.625374",
        "attribute_name": "O_ddP_EE_c",
        "values": [
            0.0,
            0.0,
            0.0,
            0.0,
            0.0,
            0.0
        ]
    },
    {
        "timestamp": "2024-07-12T13:28:01.625374",
        "attribute_name": "O_dP_EE_d",
        "values": [
            0.0,
            0.0,
            0.0,
            0.0,
            0.0,
            0.0
        ]
    },
    {
        "timestamp": "2024-07-12T13:28:01.625374",
        "attribute_name": "O_T_EE",
        "values": [
            -0.03995406958027425,
            -0.9990659834515865,
            0.015861271547285078,
            0.0,
            -0.9985526647446512,
            0.03935576317787453,
            -0.036392946256816404,
            0.0,
            0.03573541021343531,
            -0.017292694214706285,
            -0.9992116608525313,
            0.0,
            0.052438811114678456,
            -0.40133228491605144,
            0.14343387161498575,
            1.0
        ]
    },
    {
        "timestamp": "2024-07-12T13:28:01.625374",
        "attribute_name": "O_F_ext_hat_K",
        "values": [
            -0.20357079195754849,
            0.11658488366460687,
            -0.9884241316736372,
            0.03754725677941879,
            -0.04171149745032963,
            -0.15901182026129057
        ]
    },
    {
        "timestamp": "2024-07-12T13:28:01.625374",
        "attribute_name": "m_ee",
        "values": 0.7300000190734863
    },
    {
        "timestamp": "2024-07-12T13:28:01.625374",
        "attribute_name": "tau_ext_hat_filtered",
        "values": [
            -0.08684941877622342,
            0.07543012200026852,
            -0.23083969431210122,
            -0.0665858906531715,
            0.07173170558045894,
            0.2317816706232482,
            0.08037204750489356
        ]
    },
    {
        "timestamp": "2024-07-12T13:28:01.625374",
        "attribute_name": "joint_contact",
        "values": [
            0.0,
            0.0,
            0.0,
            0.0,
            0.0,
            0.0,
            0.0
        ]
    },
    {
        "timestamp": "2024-07-12T13:28:01.625374",
        "attribute_name": "dq_d",
        "values": [
            0.0,
            0.0,
            0.0,
            0.0,
            0.0,
            0.0,
            0.0
        ]
    },
    {
        "timestamp": "2024-07-12T13:28:01.625374",
        "attribute_name": "EE_T_K",
        "values": [
            1.0,
            0.0,
            0.0,
            0.0,
            0.0,
            1.0,
            0.0,
            0.0,
            0.0,
            0.0,
            1.0,
            0.0,
            0.0,
            0.0,
            0.0,
            1.0
        ]
    },
    {
        "timestamp": "2024-07-12T13:28:01.625374",
        "attribute_name": "K_F_ext_hat_K",
        "values": [
            -0.12402256124257506,
            0.24384080483905748,
            0.9783541657349902,
            0.07664204558985953,
            0.34242427415161897,
            0.07223636765771449
        ]
    },
    {
        "timestamp": "2024-07-12T13:28:01.625374",
        "attribute_name": "O_dP_EE_c",
        "values": [
            0.0,
            0.0,
            0.0,
            0.0,
            0.0,
            0.0
        ]
    },
    {
        "timestamp": "2024-07-12T13:28:01.625374",
        "attribute_name": "O_F_ext_hat_K",
        "values": [
            -0.20357079195754849,
            0.11658488366460687,
            -0.9884241316736372,
            0.03754725677941879,
            -0.04171149745032963,
            -0.15901182026129057
        ]
    },
    {
        "timestamp": "2024-07-12T13:28:01.625374",
        "attribute_name": "cartesian_contact",
        "values": [
            0.0,
            0.0,
            0.0,
            0.0,
            0.0,
            0.0
        ]
    },
    {
        "timestamp": "2024-07-12T13:28:01.625374",
        "attribute_name": "joint_collision",
        "values": [
            0.0,
            0.0,
            0.0,
            0.0,
            0.0,
            0.0,
            0.0
        ]
    },
    {
        "timestamp": "2024-07-12T13:28:01.625374",
        "attribute_name": "cartesian_collision",
        "values": [
            0.0,
            0.0,
            0.0,
            0.0,
            0.0,
            0.0
        ]
    },
    {
        "timestamp": "2024-07-12T13:28:01.625374",
        "attribute_name": "theta",
        "values": [
            -1.6390681266784668,
            -0.06978335231542587,
            0.2010473608970642,
            -2.724522829055786,
            0.10489553213119507,
            2.678670883178711,
            0.8642352223396301
        ]
    },
    {
        "timestamp": "2024-07-12T13:28:01.625374",
        "attribute_name": "control_command_success_rate",
        "values": 0.0
    },
    {
        "timestamp": "2024-07-12T13:28:01.625374",
        "attribute_name": "ddelbow_c",
        "values": [
            0.0,
            0.0
        ]
    },
    {
        "timestamp": "2024-07-12T13:28:01.625374",
        "attribute_name": "O_T_EE_d",
        "values": [
            -0.040004519292412735,
            -0.9990622295742744,
            0.015970183952321013,
            0.0,
            -0.9985507590666136,
            0.03940225977001804,
            -0.036394922636463475,
            0.0,
            0.0357322191736499,
            -0.017403335760922577,
            -0.999209854043343,
            0.0,
            0.05242536763458485,
            -0.401360862428248,
            0.14346941317396664,
            1.0
        ]
    },
    {
        "timestamp": "2024-07-12T13:28:01.663181",
        "attribute_name": "elbow",
        "values": [
            0.20109063751861359,
            -1.0
        ]
    },
    {
        "timestamp": "2024-07-12T13:28:01.663181",
        "attribute_name": "O_T_EE",
        "values": [
            -0.0399388329999444,
            -0.9990664549152418,
            0.015869945901037,
            0.0,
            -0.9985532552284477,
            0.03934021379300023,
            -0.03639355647089367,
            0.0,
            0.035735942408132854,
            -0.0173008354086382,
            -0.999211500891761,
            0.0,
            0.05244330112658782,
            -0.40133414015563784,
            0.14343687977447594,
            1.0
        ]
    },
    {
        "timestamp": "2024-07-12T13:28:01.663181",
        "attribute_name": "tau_J_d",
        "values": [
            0.0,
            0.0,
            0.0,
            0.0,
            0.0,
            0.0,
            0.0
        ]
    },
    {
        "timestamp": "2024-07-12T13:28:01.663181",
        "attribute_name": "q",
        "values": [
            -1.639057675026549,
            -0.0683362975589657,
            0.20109063751861359,
            -2.725665056554501,
            0.10485550603638522,
            2.678395614200168,
            0.8642226232190926
        ]
    },
    {
        "timestamp": "2024-07-12T13:28:01.663181",
        "attribute_name": "q_d",
        "values": [
            -1.6391983855105283,
            -0.06840131119991602,
            0.20118867360081463,
            -2.72564971009265,
            0.10486730949397637,
            2.6784172643256468,
            0.8642345166304186
        ]
    },
    {
        "timestamp": "2024-07-12T13:28:01.663181",
        "attribute_name": "dq",
        "values": [
            0.001161401249690794,
            -0.0010503381816290248,
            -0.0007171816593574789,
            0.004204951295299982,
            -0.00045826325562035544,
            7.486362718024771e-05,
            -0.0017539860074415766
        ]
    },
    {
        "timestamp": "2024-07-12T13:28:01.663181",
        "attribute_name": "tau_J",
        "values": [
            -0.14895004034042358,
            -20.620534896850586,
            -0.5861309766769409,
            16.276620864868164,
            0.392173171043396,
            2.520336151123047,
            0.11339208483695984
        ]
    },
    {
        "timestamp": "2024-07-12T13:28:01.663181",
        "attribute_name": "dtau_J",
        "values": [
            -118.09196472167969,
            196.72235107421875,
            65.81685638427734,
            46.86195373535156,
            33.42148971557617,
            4.103694915771484,
            86.54653930664062
        ]
    },
    {
        "timestamp": "2024-07-12T13:28:01.663181",
        "attribute_name": "ddq_d",
        "values": [
            0.0,
            0.0,
            0.0,
            0.0,
            0.0,
            0.0,
            0.0
        ]
    },
    {
        "timestamp": "2024-07-12T13:28:01.663181",
        "attribute_name": "delbow_c",
        "values": [
            0.0,
            0.0
        ]
    },
    {
        "timestamp": "2024-07-12T13:28:01.663181",
        "attribute_name": "elbow_c",
        "values": [
            0.20118867360081463,
            -1.0
        ]
    },
    {
        "timestamp": "2024-07-12T13:28:01.663181",
        "attribute_name": "elbow_d",
        "values": [
            0.20118867360081463,
            -1.0
        ]
    },
    {
        "timestamp": "2024-07-12T13:28:01.663181",
        "attribute_name": "F_T_EE",
        "values": [
            0.707099974155426,
            -0.707099974155426,
            0.0,
            0.0,
            0.707099974155426,
            0.707099974155426,
            0.0,
            0.0,
            0.0,
            0.0,
            1.0,
            0.0,
            0.0,
            0.0,
            0.10339999943971634,
            1.0
        ]
    },
    {
        "timestamp": "2024-07-12T13:28:01.663181",
        "attribute_name": "O_ddP_EE_c",
        "values": [
            0.0,
            0.0,
            0.0,
            0.0,
            0.0,
            0.0
        ]
    },
    {
        "timestamp": "2024-07-12T13:28:01.663181",
        "attribute_name": "O_dP_EE_d",
        "values": [
            0.0,
            0.0,
            0.0,
            0.0,
            0.0,
            0.0
        ]
    },
    {
        "timestamp": "2024-07-12T13:28:01.663181",
        "attribute_name": "O_T_EE",
        "values": [
            -0.0399388329999444,
            -0.9990664549152418,
            0.015869945901037,
            0.0,
            -0.9985532552284477,
            0.03934021379300023,
            -0.03639355647089367,
            0.0,
            0.035735942408132854,
            -0.0173008354086382,
            -0.999211500891761,
            0.0,
            0.05244330112658782,
            -0.40133414015563784,
            0.14343687977447594,
            1.0
        ]
    },
    {
        "timestamp": "2024-07-12T13:28:01.663181",
        "attribute_name": "O_F_ext_hat_K",
        "values": [
            -0.28564278398829757,
            0.04379474141583807,
            -0.9525953170290121,
            0.04729279022500149,
            -0.06786580794147914,
            -0.1940042952711506
        ]
    },
    {
        "timestamp": "2024-07-12T13:28:01.663181",
        "attribute_name": "m_ee",
        "values": 0.7300000190734863
    },
    {
        "timestamp": "2024-07-12T13:28:01.663181",
        "attribute_name": "tau_ext_hat_filtered",
        "values": [
            -0.12261902742826761,
            0.06087616667961989,
            -0.26494936902195687,
            -0.035296328085981474,
            0.07546518643771598,
            0.23661194520071338,
            0.07922918107991186
        ]
    },
    {
        "timestamp": "2024-07-12T13:28:01.663181",
        "attribute_name": "joint_contact",
        "values": [
            0.0,
            0.0,
            0.0,
            0.0,
            0.0,
            0.0,
            0.0
        ]
    },
    {
        "timestamp": "2024-07-12T13:28:01.663181",
        "attribute_name": "dq_d",
        "values": [
            0.0,
            0.0,
            0.0,
            0.0,
            0.0,
            0.0,
            0.0
        ]
    },
    {
        "timestamp": "2024-07-12T13:28:01.663181",
        "attribute_name": "EE_T_K",
        "values": [
            1.0,
            0.0,
            0.0,
            0.0,
            0.0,
            1.0,
            0.0,
            0.0,
            0.0,
            0.0,
            1.0,
            0.0,
            0.0,
            0.0,
            0.0,
            1.0
        ]
    },
    {
        "timestamp": "2024-07-12T13:28:01.663181",
        "attribute_name": "K_F_ext_hat_K",
        "values": [
            -0.04746416758204236,
            0.32162695005398667,
            0.9408787967801183,
            0.08861325960377381,
            0.3282065615274058,
            0.07118040089889206
        ]
    },
    {
        "timestamp": "2024-07-12T13:28:01.663181",
        "attribute_name": "O_dP_EE_c",
        "values": [
            0.0,
            0.0,
            0.0,
            0.0,
            0.0,
            0.0
        ]
    },
    {
        "timestamp": "2024-07-12T13:28:01.663181",
        "attribute_name": "O_F_ext_hat_K",
        "values": [
            -0.28564278398829757,
            0.04379474141583807,
            -0.9525953170290121,
            0.04729279022500149,
            -0.06786580794147914,
            -0.1940042952711506
        ]
    },
    {
        "timestamp": "2024-07-12T13:28:01.663181",
        "attribute_name": "cartesian_contact",
        "values": [
            0.0,
            0.0,
            0.0,
            0.0,
            0.0,
            0.0
        ]
    },
    {
        "timestamp": "2024-07-12T13:28:01.663181",
        "attribute_name": "joint_collision",
        "values": [
            0.0,
            0.0,
            0.0,
            0.0,
            0.0,
            0.0,
            0.0
        ]
    },
    {
        "timestamp": "2024-07-12T13:28:01.663181",
        "attribute_name": "cartesian_collision",
        "values": [
            0.0,
            0.0,
            0.0,
            0.0,
            0.0,
            0.0
        ]
    },
    {
        "timestamp": "2024-07-12T13:28:01.663181",
        "attribute_name": "theta",
        "values": [
            -1.6390681266784668,
            -0.06978335231542587,
            0.2010505646467209,
            -2.724522829055786,
            0.10490032285451889,
            2.678675651550293,
            0.8642352223396301
        ]
    },
    {
        "timestamp": "2024-07-12T13:28:01.663181",
        "attribute_name": "control_command_success_rate",
        "values": 0.0
    },
    {
        "timestamp": "2024-07-12T13:28:01.663181",
        "attribute_name": "ddelbow_c",
        "values": [
            0.0,
            0.0
        ]
    },
    {
        "timestamp": "2024-07-12T13:28:01.663181",
        "attribute_name": "O_T_EE_d",
        "values": [
            -0.040004519292412735,
            -0.9990622295742744,
            0.015970183952321013,
            0.0,
            -0.9985507590666136,
            0.03940225977001804,
            -0.036394922636463475,
            0.0,
            0.0357322191736499,
            -0.017403335760922577,
            -0.999209854043343,
            0.0,
            0.05242536763458485,
            -0.401360862428248,
            0.14346941317396664,
            1.0
        ]
    },
    {
        "timestamp": "2024-07-12T13:28:01.714107",
        "attribute_name": "elbow",
        "values": [
            0.20109078885522333,
            -1.0
        ]
    },
    {
        "timestamp": "2024-07-12T13:28:01.714107",
        "attribute_name": "O_T_EE",
        "values": [
            -0.03994167498471117,
            -0.9990664955179145,
            0.015860234367036413,
            0.0,
            -0.9985531657730519,
            0.039343418949938924,
            -0.03639254609331339,
            0.0,
            0.0357352656576743,
            -0.01729119939420225,
            -0.9992116918911055,
            0.0,
            0.052441306888965845,
            -0.40133252289993615,
            0.14343331047266722,
            1.0
        ]
    },
    {
        "timestamp": "2024-07-12T13:28:01.714107",
