timestamp,col1,col2,col3,col4,col5,col6,col7,col8,col9,col10,col11,col12,col13,col14,col15,col16,col17,col18,col19,col20,col21,col22,col23,col24,col25,col26,col27,col28,col29,col30,col31,col32,col33,col34,col35,col36,col37,col38
2024-07-12T13:28:01.576273,-0.03995039367993621,-0.9990660973993973,0.015863353150089455,0.0,-0.9985528059318897,0.03935201159298506,-0.03639312916394817,0.0,0.03573557468946183,-0.01729464861243308,-0.9992116211448837,0.0,0.05244161144558835,-0.4013340460066494,0.14343452859181163,1.0
2024-07-12T13:28:01.576273,-0.03995039367993621,-0.9990660973993973,0.015863353150089455,0.0,-0.9985528059318897,0.03935201159298506,-0.03639312916394817,0.0,0.03573557468946183,-0.01729464861243308,-0.9992116211448837,0.0,0.05244161144558835,-0.4013340460066494,0.14343452859181163,1.0
2024-07-12T13:28:01.597890,-0.039943899341820556,-0.9990662438918511,0.01587047958970253,0.0,-0.9985530245607811,0.039345243006609486,-0.03639444867662446,0.0,0.03573672530448444,-0.017301584699187175,-0.9992114599179739,0.0,0.05244381797616846,-0.401336193098121,0.1434368424097616,1.0
2024-07-12T13:28:01.597890,-0.039943899341820556,-0.9990662438918511,0.01587047958970253,0.0,-0.9985530245607811,0.039345243006609486,-0.03639444867662446,0.0,0.03573672530448444,-0.017301584699187175,-0.9992114599179739,0.0,0.05244381797616846,-0.401336193098121,0.1434368424097616,1.0
2024-07-12T13:28:01.625374,-0.03995406958027425,-0.9990659834515865,0.015861271547285078,0.0,-0.9985526647446512,0.03935576317787453,-0.036392946256816404,0.0,0.03573541021343531,-0.017292694214706285,-0.9992116608525313,0.0,0.052438811114678456,-0.40133228491605144,0.14343387161498575,1.0
2024-07-12T13:28:01.625374,-0.03995406958027425,-0.9990659834515865,0.015861271547285078,0.0,-0.9985526647446512,0.03935576317787453,-0.036392946256816404,0.0,0.03573541021343531,-0.017292694214706285,-0.9992116608525313,0.0,0.052438811114678456,-0.40133228491605144,0.14343387161498575,1.0
2024-07-12T13:28:01.663181,-0.0399388329999444,-0.9990664549152418,0.015869945901037,0.0,-0.9985532552284477,0.03934021379300023,-0.03639355647089367,0.0,0.035735942408132854,-0.0173008354086382,-0.999211500891761,0.0,0.05244330112658782,-0.40133414015563784,0.14343687977447594,1.0
2024-07-12T13:28:01.663181,-0.0399388329999444,-0.9990664549152418,0.015869945901037,0.0,-0.9985532552284477,0.03934021379300023,-0.03639355647089367,0.0,0.035735942408132854,-0.0173008354086382,-0.999211500891761,0.0,0.05244330112658782,-0.40133414015563784,0.14343687977447594,1.0
2024-07-12T13:28:01.714107,-0.03994167498471117,-0.9990664955179145,0.015860234367036413,0.0,-0.9985531657730519,0.039343418949938924,-0.03639254609331339,0.0,0.0357352656576743,-0.01729119939420225,-0.9992116918911055,0.0,0.052441306888965845,-0.40133252289993615,0.14343331047266722,1.0
2024-07-12T13:28:01.714107,-0.03994167498471117,-0.9990664955179145,0.015860234367036413,0.0,-0.9985531657730519,0.039343418949938924,-0.03639254609331339,0.0,0.0357352656576743,-0.01729119939420225,-0.9992116918911055,0.0,0.052441306888965845,-0.40133252289993615,0.14343331047266722,1.0
2024-07-12T13:28:01.777231,-0.03993412837934231,-0.9990666995698377,0.015866382776866042,0.0,-0.9985534901988072,0.0393356654545799,-0.03639202572314702,0.0,0.03573463430744461,-0.017297048747670567,-0.9992116132309181,0.0,0.0524434667094385,-0.40133352292607294,0.1434349818254245,1.0
2024-07-12T13:28:01.777231,-0.03993412837934231,-0.9990666995698377,0.015866382776866042,0.0,-0.9985534901988072,0.0393356654545799,-0.03639202572314702,0.0,0.03573463430744461,-0.017297048747670567,-0.9992116132309181,0.0,0.0524434667094385,-0.40133352292607294,0.1434349818254245,1.0
2024-07-12T13:28:01.854408,-0.03994755700023425,-0.9990660851656167,0.015871265317232052,0.0,-0.9985529069966778,0.03934888298822962,-0.03639373898449046,0.0,0.03573592179716405,-0.017302472208978997,-0.999211473287194,0.0,0.05244053456075016,-0.40133577604287657,0.14343691925227664,1.0
2024-07-12T13:28:01.854408,-0.03994755700023425,-0.9990660851656167,0.015871265317232052,0.0,-0.9985529069966778,0.03934888298822962,-0.03639373898449046,0.0,0.03573592179716405,-0.017302472208978997,-0.999211473287194,0.0,0.05244053456075016,-0.40133577604287657,0.14343691925227664,1.0
2024-07-12T13:28:01.945386,-0.03994385460438104,-0.9990661990420375,0.015873415267285737,0.0,-0.9985530604194727,0.03934510786040728,-0.03639361091683719,0.0,0.035735773316669,-0.01730448166234292,-0.9992114437994879,0.0,0.05244046053537551,-0.40133590429365734,0.1434377727511757,1.0
2024-07-12T13:28:01.945386,-0.03994385460438104,-0.9990661990420375,0.015873415267285737,0.0,-0.9985530604194727,0.03934510786040728,-0.03639361091683719,0.0,0.035735773316669,-0.01730448166234292,-0.9992114437994879,0.0,0.05244046053537551,-0.40133590429365734,0.1434377727511757,1.0
2024-07-12T13:28:02.049238,-0.03995404492163824,-0.9990658962394322,0.015866825987197186,0.0,-0.9985526773745936,0.039355541843404944,-0.03639283906829794,0.0,0.03573508485752443,-0.017298235742554968,-0.9992115765694574,0.0,0.052440184390095075,-0.4013332429607066,0.1434351400788076,1.0
2024-07-12T13:28:02.049238,-0.03995404492163824,-0.9990658962394322,0.015866825987197186,0.0,-0.9985526773745936,0.039355541843404944,-0.03639283906829794,0.0,0.03573508485752443,-0.017298235742554968,-0.9992115765694574,0.0,0.052440184390095075,-0.4013332429607066,0.1434351400788076,1.0
2024-07-12T13:28:02.164180,-0.03995145750534086,-0.9990660211151501,0.015865478169594164,0.0,-0.9985527148025856,0.03935297363729541,-0.03639458926127719,0.0,0.035736931785911426,-0.01729686620245948,-0.9992115342239117,0.0,0.05244092349004745,-0.4013328820949343,0.14343502260766552,1.0
2024-07-12T13:28:02.164180,-0.03995145750534086,-0.9990660211151501,0.015865478169594164,0.0,-0.9985527148025856,0.03935297363729541,-0.03639458926127719,0.0,0.035736931785911426,-0.01729686620245948,-0.9992115342239117,0.0,0.05244092349004745,-0.4013328820949343,0.14343502260766552,1.0
2024-07-12T13:28:02.299209,-0.039939670754606416,-0.9990664850929085,0.01586593726582584,0.0,-0.9985532323044843,0.03934120201330883,-0.036393117201232617,0.0,0.03573564666263997,-0.017296845076948546,-0.9992115805513799,0.0,0.05244571081449861,-0.40133389526979146,0.14343559196828123,1.0
2024-07-12T13:28:02.299209,-0.039939670754606416,-0.9990664850929085,0.01586593726582584,0.0,-0.9985532323044843,0.03934120201330883,-0.036393117201232617,0.0,0.03573564666263997,-0.017296845076948546,-0.9992115805513799,0.0,0.05244571081449861,-0.40133389526979146,0.14343559196828123,1.0
2024-07-12T13:28:02.444902,-0.03994283787836185,-0.9990663797258943,0.015864599107010872,0.0,-0.9985531128162196,0.039344418787317,-0.036392918219549715,0.0,0.03573544564017221,-0.017295614248420875,-0.9992116090461859,0.0,0.05244313294581833,-0.40133213169109183,0.14343495934185288,1.0
2024-07-12T13:28:02.444902,-0.03994283787836185,-0.9990663797258943,0.015864599107010872,0.0,-0.9985531128162196,0.039344418787317,-0.036392918219549715,0.0,0.03573544564017221,-0.017295614248420875,-0.9992116090461859,0.0,0.05244313294581833,-0.40133213169109183,0.14343495934185288,1.0
2024-07-12T13:28:02.601160,-0.0399499824639742,-0.999066135679434,0.015861977836931215,0.0,-0.9985528013447096,0.03935164062902597,-0.036393656145617036,0.0,0.03573616258901197,-0.0172932812780055,-0.9992116237844972,0.0,0.05244121885931743,-0.4013321502621757,0.14343393099224275,1.0
2024-07-12T13:28:02.601160,-0.0399499824639742,-0.999066135679434,0.015861977836931215,0.0,-0.9985528013447096,0.03935164062902597,-0.036393656145617036,0.0,0.03573616258901197,-0.0172932812780055,-0.9992116237844972,0.0,0.05244121885931743,-0.4013321502621757,0.14343393099224275,1.0
2024-07-12T13:28:02.771088,-0.03995153575497075,-0.9990660099282072,0.01586598557162958,0.0,-0.9985527788732534,0.03935306586687356,-0.03639273159010183,0.0,0.03573505397539256,-0.017297302526131073,-0.9992115938292024,0.0,0.052440283614639024,-0.401333747538161,0.1434363270073458,1.0
2024-07-12T13:28:02.771088,-0.03995153575497075,-0.9990660099282072,0.01586598557162958,0.0,-0.9985527788732534,0.03935306586687356,-0.03639273159010183,0.0,0.03573505397539256,-0.017297302526131073,-0.9992115938292024,0.0,0.052440283614639024,-0.401333747538161,0.1434363270073458,1.0
2024-07-12T13:28:02.956108,-0.03994250821076842,-0.999066386691255,0.01586499047338869,0.0,-0.9985531258888035,0.03934407507634196,-0.03639293111711082,0.0,0.03573544883413196,-0.017295993780834566,-0.9992116023624609,0.0,0.052442170916439865,-0.4013332395399527,0.14343552690290703,1.0
2024-07-12T13:28:02.956108,-0.03994250821076842,-0.999066386691255,0.01586499047338869,0.0,-0.9985531258888035,0.03934407507634196,-0.03639293111711082,0.0,0.03573544883413196,-0.017295993780834566,-0.9992116023624609,0.0,0.052442170916439865,-0.4013332395399527,0.14343552690290703,1.0
2024-07-12T13:28:03.153182,-0.03994177815199591,-0.9990663618602798,0.015868391806656095,0.0,-0.9985531489160431,0.039343218721854666,-0.036393225079222956,0.0,0.03573562138809719,-0.017299375795711162,-0.9992115376440993,0.0,0.05244157579213151,-0.4013349831247775,0.1434358136240286,1.0
2024-07-12T13:28:03.153182,-0.03994177815199591,-0.9990663618602798,0.015868391806656095,0.0,-0.9985531489160431,0.039343218721854666,-0.036393225079222956,0.0,0.03573562138809719,-0.017299375795711162,-0.9992115376440993,0.0,0.05244157579213151,-0.4013349831247775,0.1434358136240286,1.0
2024-07-12T13:28:03.364836,-0.03994762867005459,-0.9990661450971965,0.015867311854095553,0.0,-0.9985528973482742,0.03934909533268151,-0.036393774125180925,0.0,0.0357361112848434,-0.017298528249963644,-0.9992115347966227,0.0,0.052442637284471814,-0.4013347184434548,0.14343577895516252,1.0
2024-07-12T13:28:03.364836,-0.03994762867005459,-0.9990661450971965,0.015867311854095553,0.0,-0.9985528973482742,0.03934909533268151,-0.036393774125180925,0.0,0.0357361112848434,-0.017298528249963644,-0.9992115347966227,0.0,0.052442637284471814,-0.4013347184434548,0.14343577895516252,1.0
2024-07-12T13:28:03.590147,-0.03993581482772477,-0.999066612222792,0.01586763803870672,0.0,-0.9985534222835973,0.03933730457940986,-0.03639211748924158,0.0,0.0357346474238031,-0.017298366179500077,-0.9992115899553091,0.0,0.052442768370486864,-0.40133379675729774,0.14343585591831787,1.0
2024-07-12T13:28:03.590147,-0.03993581482772477,-0.999066612222792,0.01586763803870672,0.0,-0.9985534222835973,0.03933730457940986,-0.03639211748924158,0.0,0.0357346474238031,-0.017298366179500077,-0.9992115899553091,0.0,0.052442768370486864,-0.40133379675729774,0.14343585591831787,1.0
2024-07-12T13:28:03.827426,-0.03994013213389889,-0.9990664062818525,0.015869738038139763,0.0,-0.9985532226269452,0.039341528814714775,-0.03639302945718648,0.0,0.03573540141440524,-0.0173006535566949,-0.9992115233884478,0.0,0.052443196568049015,-0.40133437688970724,0.1434364026557969,1.0
2024-07-12T13:28:03.827426,-0.03994013213389889,-0.9990664062818525,0.015869738038139763,0.0,-0.9985532226269452,0.039341528814714775,-0.03639302945718648,0.0,0.03573540141440524,-0.0173006535566949,-0.9992115233884478,0.0,0.052443196568049015,-0.40133437688970724,0.1434364026557969,1.0
2024-07-12T13:28:04.094991,-0.03994687145121614,-0.999066109565429,0.01587145488814486,0.0,-0.9985528727003954,0.039348161207626825,-0.03639546032920537,0.0,0.03573764645184154,-0.017302704778354796,-0.9992114075777138,0.0,0.05244330726665662,-0.4013355317371426,0.14343616841028753,1.0
2024-07-12T13:28:04.094991,-0.03994687145121614,-0.999066109565429,0.01587145488814486,0.0,-0.9985528727003954,0.039348161207626825,-0.03639546032920537,0.0,0.03573764645184154,-0.017302704778354796,-0.9992114075777138,0.0,0.05244330726665662,-0.4013355317371426,0.14343616841028753,1.0
2024-07-12T13:28:04.362730,-0.03995251357065167,-0.9990659359947973,0.015868178705661835,0.0,-0.9985526696670287,0.039353929070964654,-0.036394794528004926,0.0,0.03573701232942047,-0.017299608802650714,-0.9992114838636723,0.0,0.05244123192558789,-0.40133426587485405,0.1434359806996643,1.0
2024-07-12T13:28:04.362730,-0.03995251357065167,-0.9990659359947973,0.015868178705661835,0.0,-0.9985526696670287,0.039353929070964654,-0.036394794528004926,0.0,0.03573701232942047,-0.017299608802650714,-0.9992114838636723,0.0,0.05244123192558789,-0.40133426587485405,0.1434359806996643,1.0
2024-07-12T13:28:04.637669,-0.04111998696882894,-0.9990222665386395,0.01563344277155702,0.0,-0.9985060922922536,0.04052939811241303,-0.036382666822365246,0.0,0.03571416785404539,-0.017106471989124118,-0.9992156257938416,0.0,0.051955000207851626,-0.40127413088025143,0.1433535571090048,1.0
2024-07-12T13:28:04.637669,-0.04111998696882894,-0.9990222665386395,0.01563344277155702,0.0,-0.9985060922922536,0.04052939811241303,-0.036382666822365246,0.0,0.03571416785404539,-0.017106471989124118,-0.9992156257938416,0.0,0.051955000207851626,-0.40127413088025143,0.1433535571090048,1.0
2024-07-12T13:28:04.933855,-0.04074192996352568,-0.999041602159397,0.015385681617678431,0.0,-0.9985216516505393,0.04016069657266121,-0.036364495556599825,0.0,0.03571243178654987,-0.016844820266768163,-0.9992201330267877,0.0,0.052099128795545395,-0.4012019085724223,0.14325568615882017,1.0
2024-07-12T13:28:04.933855,-0.04074192996352568,-0.999041602159397,0.015385681617678431,0.0,-0.9985216516505393,0.04016069657266121,-0.036364495556599825,0.0,0.03571243178654987,-0.016844820266768163,-0.9992201330267877,0.0,0.052099128795545395,-0.4012019085724223,0.14325568615882017,1.0
2024-07-12T13:28:05.239362,-0.040692905739617334,-0.9990540217570051,0.014693397661131969,0.0,-0.9985257985381094,0.040137872191228906,-0.03627571875234438,0.0,0.03565232741206007,-0.016148211939765632,-0.9992337798539696,0.0,0.052087773156198794,-0.4009063042586441,0.14302409801682173,1.0
2024-07-12T13:28:05.239362,-0.040692905739617334,-0.9990540217570051,0.014693397661131969,0.0,-0.9985257985381094,0.040137872191228906,-0.03627571875234438,0.0,0.03565232741206007,-0.016148211939765632,-0.9992337798539696,0.0,0.052087773156198794,-0.4009063042586441,0.14302409801682173,1.0
2024-07-12T13:28:05.555165,-0.040547874618654715,-0.9990675048955913,0.014168183610319074,0.0,-0.9985327572190341,0.04001248323835042,-0.03622265654066121,0.0,0.03562266072814884,-0.015616447845975908,-0.9992432899946445,0.0,0.052131976401681934,-0.40070169511280324,0.1428511482645375,1.0
2024-07-12T13:28:05.555165,-0.040547874618654715,-0.9990675048955913,0.014168183610319074,0.0,-0.9985327572190341,0.04001248323835042,-0.03622265654066121,0.0,0.03562266072814884,-0.015616447845975908,-0.9992432899946445,0.0,0.052131976401681934,-0.40070169511280324,0.1428511482645375,1.0
2024-07-12T13:28:05.891125,-0.04128719176138082,-0.9990342391256953,0.014377195561389432,0.0,-0.9985012115849823,0.04074308614453809,-0.03627779342723635,0.0,0.03565767295716378,-0.015853760635171348,-0.9992383042262754,0.0,0.05185188924180735,-0.40082101061580455,0.14292875459635151,1.0
2024-07-12T13:28:05.891125,-0.04128719176138082,-0.9990342391256953,0.014377195561389432,0.0,-0.9985012115849823,0.04074308614453809,-0.03627779342723635,0.0,0.03565767295716378,-0.015853760635171348,-0.9992383042262754,0.0,0.05185188924180735,-0.40082101061580455,0.14292875459635151,1.0
2024-07-12T13:28:06.234279,-0.040809331766323835,-0.9990491572114768,0.014701252226685651,0.0,-0.9985205314964187,0.040253687366471246,-0.03629236468900888,0.0,0.03566676344045732,-0.01616088048525974,-0.9992330598652268,0.0,0.0520504587323315,-0.4009357145358056,0.14303301524259313,1.0
2024-07-12T13:28:06.234279,-0.040809331766323835,-0.9990491572114768,0.014701252226685651,0.0,-0.9985205314964187,0.040253687366471246,-0.03629236468900888,0.0,0.03566676344045732,-0.01616088048525974,-0.9992330598652268,0.0,0.0520504587323315,-0.4009357145358056,0.14303301524259313,1.0
2024-07-12T13:28:06.586560,-0.04004409728287596,-0.999087837914719,0.01416719114362319,0.0,-0.9985524461437338,0.03950885397045664,-0.03623271532075699,0.0,0.03564062191794445,-0.01559789005629622,-0.9992429393771536,0.0,0.05234149446257645,-0.4007234980457954,0.14286068579846486,1.0
2024-07-12T13:28:06.586560,-0.04004409728287596,-0.999087837914719,0.01416719114362319,0.0,-0.9985524461437338,0.03950885397045664,-0.03623271532075699,0.0,0.03564062191794445,-0.01559789005629622,-0.9992429393771536,0.0,0.05234149446257645,-0.4007234980457954,0.14286068579846486,1.0
2024-07-12T13:28:06.958526,-0.039291130850481096,-0.9991145056023089,0.014393006383391093,0.0,-0.9985833958979426,0.03874874730853355,-0.03620059281504692,0.0,0.035611512057515726,-0.015795283528822656,-0.999240876479351,0.0,0.05263155311074078,-0.4007399561836119,0.14294492917074483,1.0
2024-07-12T13:28:06.958526,-0.039291130850481096,-0.9991145056023089,0.014393006383391093,0.0,-0.9985833958979426,0.03874874730853355,-0.03620059281504692,0.0,0.035611512057515726,-0.015795283528822656,-0.999240876479351,0.0,0.05263155311074078,-0.4007399561836119,0.14294492917074483,1.0
2024-07-12T13:28:07.377158,-0.039823718088371846,-0.9991049333268288,0.013570209313767847,0.0,-0.9985623807134703,0.03931075911514893,-0.03617434094556077,0.0,0.035609192856388736,-0.014991585909469331,-0.9992533401175278,0.0,0.05237184564626116,-0.40053871883748543,0.14267489579114373,1.0
2024-07-12T13:28:07.377158,-0.039823718088371846,-0.9991049333268288,0.013570209313767847,0.0,-0.9985623807134703,0.03931075911514893,-0.03617434094556077,0.0,0.035609192856388736,-0.014991585909469331,-0.9992533401175278,0.0,0.05237184564626116,-0.40053871883748543,0.14267489579114373,1.0
2024-07-12T13:28:07.776594,-0.039348984480546974,-0.9991054134522938,0.014858570990473762,0.0,-0.9985797336672415,0.03878905051308747,-0.036258405515997086,0.0,0.03565030575233801,-0.0162645124405462,-0.9992319657290974,0.0,0.05261407150278809,-0.4009256493450072,0.1431102568162156,1.0
2024-07-12T13:28:07.776594,-0.039348984480546974,-0.9991054134522938,0.014858570990473762,0.0,-0.9985797336672415,0.03878905051308747,-0.036258405515997086,0.0,0.03565030575233801,-0.0162645124405462,-0.9992319657290974,0.0,0.05261407150278809,-0.4009256493450072,0.1431102568162156,1.0
2024-07-12T13:28:08.186255,-0.038955642539027543,-0.9991207897467909,0.01486110060959605,0.0,-0.9985955409841855,0.03839610361309183,-0.036241297645684484,0.0,0.035639511737434536,-0.01625234474709474,-0.9992325487559633,0.0,0.05276954348094546,-0.40091546391623634,0.14310792693571403,1.0
2024-07-12T13:28:08.186255,-0.038955642539027543,-0.9991207897467909,0.01486110060959605,0.0,-0.9985955409841855,0.03839610361309183,-0.036241297645684484,0.0,0.035639511737434536,-0.01625234474709474,-0.9992325487559633,0.0,0.05276954348094546,-0.40091546391623634,0.14310792693571403,1.0
2024-07-12T13:28:08.608515,-0.03898305673578123,-0.9991176578993337,0.014999128724464433,0.0,-0.9985942655761161,0.03841839443207871,-0.036252815462620755,0.0,0.035645271915738054,-0.016391605084091293,-0.999230068539183,0.0,0.05275754511237689,-0.40096000468501586,0.14314946245017413,1.0
2024-07-12T13:28:08.608515,-0.03898305673578123,-0.9991176578993337,0.014999128724464433,0.0,-0.9985942655761161,0.03841839443207871,-0.036252815462620755,0.0,0.035645271915738054,-0.016391605084091293,-0.999230068539183,0.0,0.05275754511237689,-0.40096000468501586,0.14314946245017413,1.0
2024-07-12T13:28:09.049795,-0.03890272504959399,-0.9991217708573455,0.014933582417014106,0.0,-0.9985976778230482,0.03834063262101455,-0.03624114564751189,0.0,0.035637440751242144,-0.016322834312958393,-0.9992314736319575,0.0,0.052785313607926196,-0.40093964324250536,0.14312843110592527,1.0
2024-07-12T13:28:09.049795,-0.03890272504959399,-0.9991217708573455,0.014933582417014106,0.0,-0.9985976778230482,0.03834063262101455,-0.03624114564751189,0.0,0.035637440751242144,-0.016322834312958393,-0.9992314736319575,0.0,0.052785313607926196,-0.40093964324250536,0.14312843110592527,1.0
2024-07-12T13:28:09.500963,-0.03877518346378506,-0.9991265155654312,0.014947840734974295,0.0,-0.9986028169045418,0.03821275665882745,-0.03623459948799543,0.0,0.0356324369635984,-0.016332273554345904,-0.999231497840506,0.0,0.05283429996756276,-0.4009344571442939,0.14313434069114278,1.0
2024-07-12T13:28:09.500963,-0.03877518346378506,-0.9991265155654312,0.014947840734974295,0.0,-0.9986028169045418,0.03821275665882745,-0.03623459948799543,0.0,0.0356324369635984,-0.016332273554345904,-0.999231497840506,0.0,0.05283429996756276,-0.4009344571442939,0.14313434069114278,1.0
2024-07-12T13:28:09.994423,-0.039853234626666796,-0.999070628446593,0.01582232493440404,0.0,-0.9985569859781617,0.03925656969015136,-0.03638151167255448,0.0,0.03572725738950449,-0.01724974612949109,-0.9992126947441632,0.0,0.052464633834481494,-0.4013231639070241,0.143422330813227,1.0
2024-07-12T13:28:09.994423,-0.039853234626666796,-0.999070628446593,0.01582232493440404,0.0,-0.9985569859781617,0.03925656969015136,-0.03638151167255448,0.0,0.03572725738950449,-0.01724974612949109,-0.9992126947441632,0.0,0.052464633834481494,-0.4013231639070241,0.143422330813227,1.0
2024-07-12T13:28:10.471997,-0.041466451664328594,-0.9990088643774753,0.01557463266999587,0.0,-0.9984904155718888,0.04087708026602316,-0.03642391002089099,0.0,0.03575185181032729,-0.01706182024426154,-0.9992150416112064,0.0,0.05183611347634409,-0.4012788002637605,0.14334626527919056,1.0
2024-07-12T13:28:10.471997,-0.041466451664328594,-0.9990088643774753,0.01557463266999587,0.0,-0.9984904155718888,0.04087708026602316,-0.03642391002089099,0.0,0.03575185181032729,-0.01706182024426154,-0.9992150416112064,0.0,0.05183611347634409,-0.4012788002637605,0.14334626527919056,1.0
2024-07-12T13:28:10.958953,-0.03983546160555567,-0.9990709524706397,0.015846603083616607,0.0,-0.998557758208585,0.039237957491543525,-0.036380394645268745,0.0,0.03572549501781106,-0.017273310829243844,-0.9992123506736337,0.0,0.052475561828029704,-0.4013240497817355,0.1434336985235993,1.0
2024-07-12T13:28:10.958953,-0.03983546160555567,-0.9990709524706397,0.015846603083616607,0.0,-0.998557758208585,0.039237957491543525,-0.036380394645268745,0.0,0.03572549501781106,-0.017273310829243844,-0.9992123506736337,0.0,0.052475561828029704,-0.4013240497817355,0.1434336985235993,1.0
2024-07-12T13:28:11.470338,-0.04004030284112978,-0.9990626781603643,0.015852007968691836,0.0,-0.9985491595315872,0.03944223900840613,-0.03639550359553568,0.0,0.03573683865297183,-0.017286629041222495,-0.9992117147128943,0.0,0.05240358216180572,-0.40132356342960923,0.14343812040534581,1.0
2024-07-12T13:28:11.470338,-0.04004030284112978,-0.9990626781603643,0.015852007968691836,0.0,-0.9985491595315872,0.03944223900840613,-0.03639550359553568,0.0,0.03573683865297183,-0.017286629041222495,-0.9992117147128943,0.0,0.05240358216180572,-0.40132356342960923,0.14343812040534581,1.0
2024-07-12T13:28:11.995961,-0.04032464492146983,-0.9990527426336123,0.015757136460115645,0.0,-0.9985374127117896,0.039729659575858334,-0.03640517086953061,0.0,0.03574534834452212,-0.01720244706166243,-0.9992128631512004,0.0,0.052290937263664725,-0.4013104974203662,0.14340275596738836,1.0
2024-07-12T13:28:11.995961,-0.04032464492146983,-0.9990527426336123,0.015757136460115645,0.0,-0.9985374127117896,0.039729659575858334,-0.03640517086953061,0.0,0.03574534834452212,-0.01720244706166243,-0.9992128631512004,0.0,0.052290937263664725,-0.4013104974203662,0.14340275596738836,1.0
2024-07-12T13:28:12.559018,-0.040498379527342816,-0.9990584407884611,0.0149284977876982,0.0,-0.9985322559037746,0.03993429661184419,-0.03632262070727248,0.0,0.0356929489504074,-0.016377909177538934,-0.9992285912073353,0.0,0.052189945327695504,-0.4009847897655116,0.14311297642260182,1.0
2024-07-12T13:28:12.559018,-0.040498379527342816,-0.9990584407884611,0.0149284977876982,0.0,-0.9985322559037746,0.03993429661184419,-0.03632262070727248,0.0,0.0356929489504074,-0.016377909177538934,-0.9992285912073353,0.0,0.052189945327695504,-0.4009847897655116,0.14311297642260182,1.0
2024-07-12T13:28:13.102963,-0.03997147666692977,-0.9990645042584397,0.015910508637736357,0.0,-0.9985518700387154,0.03937131489199792,-0.036397929983283187,0.0,0.03573815029925239,-0.01734268106288193,-0.9992106965133726,0.0,0.05243190100143855,-0.4013459321016518,0.14345364804994173,1.0
2024-07-12T13:28:13.102963,-0.03997147666692977,-0.9990645042584397,0.015910508637736357,0.0,-0.9985518700387154,0.03937131489199792,-0.036397929983283187,0.0,0.03573815029925239,-0.01734268106288193,-0.9992106965133726,0.0,0.05243190100143855,-0.4013459321016518,0.14345364804994173,1.0
2024-07-12T13:28:13.662174,-0.0406127198608755,-0.9990497161593925,0.015199293685804612,0.0,-0.9985266874366978,0.04003826744611255,-0.036361222721696465,0.0,0.03571880355138856,-0.0166539491677878,-0.9992231047418659,0.0,0.052163115646250764,-0.40109118809772804,0.1432014863300108,1.0
2024-07-12T13:28:13.662174,-0.0406127198608755,-0.9990497161593925,0.015199293685804612,0.0,-0.9985266874366978,0.04003826744611255,-0.036361222721696465,0.0,0.03571880355138856,-0.0166539491677878,-0.9992231047418659,0.0,0.052163115646250764,-0.40109118809772804,0.1432014863300108,1.0
2024-07-12T13:28:14.267888,-0.040027980052509786,-0.9990632980307377,0.01584406015104291,0.0,-0.9985492432509545,0.039430017418806605,-0.036406447650205634,0.0,0.03574830235685451,-0.017278683502372143,-0.9992114420757139,0.0,0.05241136734852557,-0.40133510195288896,0.14342127948157143,1.0
2024-07-12T13:28:14.267888,-0.040027980052509786,-0.9990632980307377,0.01584406015104291,0.0,-0.9985492432509545,0.039430017418806605,-0.036406447650205634,0.0,0.03574830235685451,-0.017278683502372143,-0.9992114420757139,0.0,0.05241136734852557,-0.40133510195288896,0.14342127948157143,1.0
2024-07-12T13:28:14.836432,-0.04213989749786481,-0.9989862631396756,0.015212560543993944,0.0,-0.998461914703777,0.04156303972078587,-0.03642891044821302,0.0,0.03576038935907448,-0.016724594880827375,-0.999220437380541,0.0,0.051560706030539034,-0.4012145379892247,0.1432032692156165,1.0
2024-07-12T13:28:14.836432,-0.04213989749786481,-0.9989862631396756,0.015212560543993944,0.0,-0.998461914703777,0.04156303972078587,-0.03642891044821302,0.0,0.03576038935907448,-0.016724594880827375,-0.999220437380541,0.0,0.051560706030539034,-0.4012145379892247,0.1432032692156165,1.0
2024-07-12T13:28:15.434286,-0.039597695619035936,-0.99907811935433,0.01599002283567303,0.0,-0.998567244588577,0.03899517681406245,-0.03638105442706782,0.0,0.03572466947997528,-0.017408054122414866,-0.9992100418041332,0.0,0.05257094738005849,-0.40135049518711835,0.14347386356682487,1.0
2024-07-12T13:28:15.434286,-0.039597695619035936,-0.99907811935433,0.01599002283567303,0.0,-0.998567244588577,0.03899517681406245,-0.03638105442706782,0.0,0.03572466947997528,-0.017408054122414866,-0.9992100418041332,0.0,0.05257094738005849,-0.40135049518711835,0.14347386356682487,1.0
2024-07-12T13:28:16.043134,-0.04096565196604403,-0.999028053555825,0.015668773680947806,0.0,-0.9985116411890399,0.04037352019724883,-0.03640368357818364,0.0,0.03573638563286414,-0.017137083497290293,-0.9992143068987284,0.0,0.05201353430119467,-0.4013283089740565,0.14335497300369418,1.0
2024-07-12T13:28:16.043134,-0.04096565196604403,-0.999028053555825,0.015668773680947806,0.0,-0.9985116411890399,0.04037352019724883,-0.03640368357818364,0.0,0.03573638563286414,-0.017137083497290293,-0.9992143068987284,0.0,0.05201353430119467,-0.4013283089740565,0.14335497300369418,1.0
2024-07-12T13:28:16.653935,-0.04070492975362625,-0.9990400584389986,0.015582593788036017,0.0,-0.998522963267996,0.040116463827172405,-0.03637730140776717,0.0,0.03571795044546607,-0.017040641308211483,-0.9992166154342011,0.0,0.05211057443185256,-0.4012685768987083,0.14332463586603283,1.0
2024-07-12T13:28:16.653935,-0.04070492975362625,-0.9990400584389986,0.015582593788036017,0.0,-0.998522963267996,0.040116463827172405,-0.03637730140776717,0.0,0.03571795044546607,-0.017040641308211483,-0.9992166154342011,0.0,0.05211057443185256,-0.4012685768987083,0.14332463586603283,1.0
2024-07-12T13:28:17.295820,-0.0406111319266499,-0.9990332083330901,0.01625212332395246,0.0,-0.9985242249670868,0.03999708808814587,-0.03647399072703909,0.0,0.03578937942499547,-0.017709729862604974,-0.9992024248312088,0.0,0.05218778910830574,-0.40157303689928586,0.14355757207511285,1.0
2024-07-12T13:28:17.295820,-0.0406111319266499,-0.9990332083330901,0.01625212332395246,0.0,-0.9985242249670868,0.03999708808814587,-0.03647399072703909,0.0,0.03578937942499547,-0.017709729862604974,-0.9992024248312088,0.0,0.05218778910830574,-0.40157303689928586,0.14355757207511285,1.0
2024-07-12T13:28:17.972115,-0.04120558779931539,-0.9990236183556618,0.015318498715009279,0.0,-0.998502976854498,0.04062659220858387,-0.036359759617350274,0.0,0.035702607600756206,-0.016794115173911852,-0.9992213375954457,0.0,0.051896536946322736,-0.4011855540444562,0.14322986428712503,1.0
2024-07-12T13:28:17.972115,-0.04120558779931539,-0.9990236183556618,0.015318498715009279,0.0,-0.998502976854498,0.04062659220858387,-0.036359759617350274,0.0,0.035702607600756206,-0.016794115173911852,-0.9992213375954457,0.0,0.051896536946322736,-0.4011855540444562,0.14322986428712503,1.0
2024-07-12T13:28:18.637300,-0.04155999449380987,-0.9990104040315719,0.01522256205630756,0.0,-0.9984880981916289,0.04098411696223996,-0.036367111896574204,0.0,0.035707927373730686,-0.016711285751419478,-0.9992225362006238,0.0,0.051754653091551785,-0.4011735827692743,0.14319524413903967,1.0
2024-07-12T13:28:18.637300,-0.04155999449380987,-0.9990104040315719,0.01522256205630756,0.0,-0.9984880981916289,0.04098411696223996,-0.036367111896574204,0.0,0.035707927373730686,-0.016711285751419478,-0.9992225362006238,0.0,0.051754653091551785,-0.4011735827692743,0.14319524413903967,1.0
2024-07-12T13:28:19.325065,-0.040821487644163976,-0.9990425749887817,0.015109149794420126,0.0,-0.9985189338323863,0.040250501309036506,-0.036339824212759025,0.0,0.035697567991378874,-0.016570536863113675,-0.9992252503552785,0.0,0.05204447276333253,-0.4011025945776331,0.1431456771952182,1.0
2024-07-12T13:28:19.325065,-0.040821487644163976,-0.9990425749887817,0.015109149794420126,0.0,-0.9985189338323863,0.040250501309036506,-0.036339824212759025,0.0,0.035697567991378874,-0.016570536863113675,-0.9992252503552785,0.0,0.05204447276333253,-0.4011025945776331,0.1431456771952182,1.0
2024-07-12T13:28:20.065195,-0.041413459531735024,-0.9990164365060965,0.015226025794087258,0.0,-0.998494196199041,0.04083757801634933,-0.03636453326797809,0.0,0.03570765990744168,-0.016709401221209313,-0.9992225772743344,0.0,0.05180985357572237,-0.40117559553659793,0.1431933037637345,1.0
2024-07-12T13:28:20.065195,-0.041413459531735024,-0.9990164365060965,0.015226025794087258,0.0,-0.998494196199041,0.04083757801634933,-0.03636453326797809,0.0,0.03570765990744168,-0.016709401221209313,-0.9992225772743344,0.0,0.05180985357572237,-0.40117559553659793,0.1431933037637345,1.0
2024-07-12T13:28:20.780567,-0.04124929523393481,-0.9990236373012925,0.015199166332655167,0.0,-0.9985009714333802,0.04067451367295488,-0.03636125527636758,0.0,0.035708222298154034,-0.016676579577939124,-0.9992231054944067,0.0,0.05187684504459444,-0.40115430997875196,0.14317861366655318,1.0
2024-07-12T13:28:20.780567,-0.04124929523393481,-0.9990236373012925,0.015199166332655167,0.0,-0.9985009714333802,0.04067451367295488,-0.03636125527636758,0.0,0.035708222298154034,-0.016676579577939124,-0.9992231054944067,0.0,0.05187684504459444,-0.40115430997875196,0.14317861366655318,1.0
2024-07-12T13:28:21.549199,-0.041263869561715585,-0.9990225367692351,0.015231907207058616,0.0,-0.998500314784118,0.040687859134712574,-0.036364356123259826,0.0,0.035709745130695913,-0.016709919906515196,-0.9992224940819832,0.0,0.05187556220883751,-0.4011695380965283,0.14319219631026228,1.0
2024-07-12T13:28:21.549199,-0.041263869561715585,-0.9990225367692351,0.015231907207058616,0.0,-0.998500314784118,0.040687859134712574,-0.036364356123259826,0.0,0.035709745130695913,-0.016709919906515196,-0.9992224940819832,0.0,0.05187556220883751,-0.4011695380965283,0.14319219631026228,1.0
2024-07-12T13:28:22.290885,-0.041040609271160745,-0.9990320051637415,0.01521407080220423,0.0,-0.998509344922026,0.04046534715616691,-0.036364690073285875,0.0,0.035714534199858344,-0.016684142128307492,-0.9992227536682345,0.0,0.0519661859293389,-0.4011747923770954,0.14319270969615014,1.0
2024-07-12T13:28:22.290885,-0.041040609271160745,-0.9990320051637415,0.01521407080220423,0.0,-0.998509344922026,0.04046534715616691,-0.036364690073285875,0.0,0.035714534199858344,-0.016684142128307492,-0.9992227536682345,0.0,0.0519661859293389,-0.4011747923770954,0.14319270969615014,1.0
2024-07-12T13:28:23.082012,-0.04146694588369882,-0.9990123561638176,0.015347688174594244,0.0,-0.9984914017881864,0.040886321649221194,-0.03638648318080751,0.0,0.03572372357207437,-0.016833695109410265,-0.9992199168767151,0.0,0.05180122049033371,-0.4012335156546825,0.1432346649450508,1.0
2024-07-12T13:28:23.082012,-0.04146694588369882,-0.9990123561638176,0.015347688174594244,0.0,-0.9984914017881864,0.040886321649221194,-0.03638648318080751,0.0,0.03572372357207437,-0.016833695109410265,-0.9992199168767151,0.0,0.05180122049033371,-0.4012335156546825,0.1432346649450508,1.0
2024-07-12T13:28:23.832340,-0.04169957155976965,-0.9990022708269715,0.015373858185049615,0.0,-0.9984816173202316,0.041117761045669464,-0.03639418224626473,0.0,0.03572641992599855,-0.016868461362150707,-0.9992192341676299,0.0,0.0517076815044588,-0.4012499683656298,0.14324736515675515,1.0
2024-07-12T13:28:23.832340,-0.04169957155976965,-0.9990022708269715,0.015373858185049615,0.0,-0.9984816173202316,0.041117761045669464,-0.03639418224626473,0.0,0.03572641992599855,-0.016868461362150707,-0.9992192341676299,0.0,0.0517076815044588,-0.4012499683656298,0.14324736515675515,1.0
2024-07-12T13:28:24.600716,-0.0416223178066719,-0.9990035527518779,0.015499391947255527,0.0,-0.9984842438806922,0.04103571240773356,-0.036414721341791974,0.0,0.035743095567827586,-0.016991890900149565,-0.9992165464817255,0.0,0.05175186498225324,-0.40130291035241733,0.1432948342578979,1.0
2024-07-12T13:28:24.600716,-0.0416223178066719,-0.9990035527518779,0.015499391947255527,0.0,-0.9984842438806922,0.04103571240773356,-0.036414721341791974,0.0,0.035743095567827586,-0.016991890900149565,-0.9992165464817255,0.0,0.05175186498225324,-0.40130291035241733,0.1432948342578979,1.0
2024-07-12T13:28:25.386514,-0.0413922704408474,-0.999013622376521,0.015466387913856725,0.0,-0.998493958342235,0.04080712583367807,-0.03640522677388161,0.0,0.03573886671895259,-0.016950316227561026,-0.9992174038643596,0.0,0.051847448345625505,-0.4012645906050383,0.14328176286200803,1.0
2024-07-12T13:28:25.386514,-0.0413922704408474,-0.999013622376521,0.015466387913856725,0.0,-0.998493958342235,0.04080712583367807,-0.03640522677388161,0.0,0.03573886671895259,-0.016950316227561026,-0.9992174038643596,0.0,0.051847448345625505,-0.4012645906050383,0.14328176286200803,1.0
2024-07-12T13:28:26.225430,-0.04126026881945239,-0.9990188446747783,0.01548176678632988,0.0,-0.9984994866849909,0.04067470133940419,-0.03640179476300944,0.0,0.03573705075695856,-0.01696081057472088,-0.9992172907370264,0.0,0.051900099995527964,-0.40126220800494,0.14329031249137741,1.0
2024-07-12T13:28:26.225430,-0.04126026881945239,-0.9990188446747783,0.01548176678632988,0.0,-0.9984994866849909,0.04067470133940419,-0.03640179476300944,0.0,0.03573705075695856,-0.01696081057472088,-0.9992172907370264,0.0,0.051900099995527964,-0.40126220800494,0.14329031249137741,1.0
2024-07-12T13:28:27.090843,-0.04166038179061207,-0.9989960170510839,0.015878205387864632,0.0,-0.9984808595410031,0.04105906139753269,-0.036481139080648574,0.0,0.03579325756027549,-0.01737423685379852,-0.9992081758107125,0.0,0.05177302728700507,-0.40145755181361936,0.14343350305244407,1.0
2024-07-12T13:28:27.090843,-0.04166038179061207,-0.9989960170510839,0.015878205387864632,0.0,-0.9984808595410031,0.04105906139753269,-0.036481139080648574,0.0,0.03579325756027549,-0.01737423685379852,-0.9992081758107125,0.0,0.05177302728700507,-0.40145755181361936,0.14343350305244407,1.0
2024-07-12T13:28:27.909461,-0.04086828578401815,-0.9990252307578452,0.016097155882904345,0.0,-0.9985137568230802,0.04025969972974117,-0.03647164534180358,0.0,0.03578871628505531,-0.017564103383065237,-0.9992050190321389,0.0,0.052093031348065366,-0.4014918946440389,0.14351964412254048,1.0
2024-07-12T13:28:27.909461,-0.04086828578401815,-0.9990252307578452,0.016097155882904345,0.0,-0.9985137568230802,0.04025969972974117,-0.03647164534180358,0.0,0.03578871628505531,-0.017564103383065237,-0.9992050190321389,0.0,0.052093031348065366,-0.4014918946440389,0.14351964412254048,1.0
2024-07-12T13:28:28.769824,-0.040926111953440855,-0.9990261215321856,0.015893670373498984,0.0,-0.9985119664622789,0.0403251869927592,-0.03644830622731095,0.0,0.0357725835099596,-0.017362041793223894,-0.9992091281477534,0.0,0.05205588421847953,-0.40142462196166795,0.14343076321648096,1.0
2024-07-12T13:28:28.769824,-0.040926111953440855,-0.9990261215321856,0.015893670373498984,0.0,-0.9985119664622789,0.0403251869927592,-0.03644830622731095,0.0,0.0357725835099596,-0.017362041793223894,-0.9992091281477534,0.0,0.05205588421847953,-0.40142462196166795,0.14343076321648096,1.0
2024-07-12T13:28:29.619649,-0.0400849457879403,-0.9990390856444319,0.01717117867600611,0.0,-0.9985422089200174,0.039436071191026156,-0.03659235159642829,0.0,0.035880716470753415,-0.01861330747874331,-0.9991827255163329,0.0,0.052470387676994565,-0.40189792590535783,0.143891202373683,1.0
2024-07-12T13:28:29.619649,-0.0400849457879403,-0.9990390856444319,0.01717117867600611,0.0,-0.9985422089200174,0.039436071191026156,-0.03659235159642829,0.0,0.035880716470753415,-0.01861330747874331,-0.9991827255163329,0.0,0.052470387676994565,-0.40189792590535783,0.143891202373683,1.0
2024-07-12T13:28:30.534372,-0.041809228826033995,-0.9989855013439598,0.016146311985653736,0.0,-0.9984709270978519,0.04119616646736586,-0.03659823096759298,0.0,0.03589662707637529,-0.01765210676843446,-0.9991995973233652,0.0,0.05178965136009206,-0.40159556234818616,0.14354505411991136,1.0
2024-07-12T13:28:30.534372,-0.041809228826033995,-0.9989855013439598,0.016146311985653736,0.0,-0.9984709270978519,0.04119616646736586,-0.03659823096759298,0.0,0.03589662707637529,-0.01765210676843446,-0.9991995973233652,0.0,0.05178965136009206,-0.40159556234818616,0.14354505411991136,1.0
2024-07-12T13:28:31.458057,-0.04163459149040767,-0.9989972939692527,0.015865507705262145,0.0,-0.9984791961523083,0.04103242863704512,-0.03655655279692732,0.0,0.03586958760898171,-0.017363730827720986,-0.9992056212494523,0.0,0.05183978711527773,-0.40147947386814853,0.14344346944939693,1.0
2024-07-12T13:28:31.458057,-0.04163459149040767,-0.9989972939692527,0.015865507705262145,0.0,-0.9984791961523083,0.04103242863704512,-0.03655655279692732,0.0,0.03586958760898171,-0.017363730827720986,-0.9992056212494523,0.0,0.05183978711527773,-0.40147947386814853,0.14344346944939693,1.0
2024-07-12T13:28:32.340117,-0.040340821450103675,-0.9990413602564139,0.016423322530876385,0.0,-0.9985328792484384,0.03971960121250142,-0.03654024138607128,0.0,0.035853574929347806,-0.01787363500994162,-0.9991972049281949,0.0,0.052349141183552786,-0.4016456702174089,0.14362601841512043,1.0
2024-07-12T13:28:32.340117,-0.040340821450103675,-0.9990413602564139,0.016423322530876385,0.0,-0.9985328792484384,0.03971960121250142,-0.03654024138607128,0.0,0.035853574929347806,-0.01787363500994162,-0.9991972049281949,0.0,0.052349141183552786,-0.4016456702174089,0.14362601841512043,1.0
2024-07-12T13:28:33.264556,-0.04151979937294272,-0.9990031467018149,0.015797659355447823,0.0,-0.998484315241359,0.04092037677683384,-0.03654233001115331,0.0,0.03586014691489257,-0.017291278205311032,-0.9992072165278176,0.0,0.05188138267885403,-0.40144233184152983,0.14340905572504906,1.0
