[
    {
        "timestamp": "2024-07-12T13:20:32.885985",
        "attribute_name": "elbow",
        "values": [
            0.2011985949751449,
            -1.0
        ]
    },
    {
        "timestamp": "2024-07-12T13:20:32.885985",
        "attribute_name": "O_T_EE",
        "values": [
            -0.04000045015358606,
            -0.9990624089043827,
            0.015969157864165966,
            0.0,
            -0.9985509219392662,
            0.039398231261286144,
            -0.03639481513803655,
            0.0,
            0.035732223064876834,
            -0.01740216134216622,
            -0.9992098743584669,
            0.0,
            0.05242952145935336,
            -0.4013603291953605,
            0.1434694459755439,
            1.0
        ]
    },
    {
        "timestamp": "2024-07-12T13:20:32.885985",
        "attribute_name": "tau_J_d",
        "values": [
            0.0,
            0.0,
            0.0,
            0.0,
            0.0,
            0.0,
            0.0
        ]
    },
    {
        "timestamp": "2024-07-12T13:20:32.885985",
        "attribute_name": "q",
        "values": [
            -1.6391977472179815,
            -0.06840131119991602,
            0.2011985949751449,
            -2.725649101345806,
            0.10486835829879562,
            2.678415927339388,
            0.8642401120170122
        ]
    },
    {
        "timestamp": "2024-07-12T13:20:32.885985",
        "attribute_name": "q_d",
        "values": [
            -1.6391983855105283,
            -0.06840131119991602,
            0.20118867360081463,
            -2.72564971009265,
            0.10486730949397637,
            2.6784172643256468,
            0.8642345166304186
        ]
    },
    {
        "timestamp": "2024-07-12T13:20:32.885985",
        "attribute_name": "dq",
        "values": [
            0.0002163986660037522,
            0.0009107075923179499,
            0.0007000650635497908,
            -0.0007462516408757125,
            -0.0001369590562613934,
            -0.00020420701807887027,
            0.000524489744592201
        ]
    },
    {
        "timestamp": "2024-07-12T13:20:32.885985",
        "attribute_name": "tau_J",
        "values": [
            -0.11324447393417358,
            -20.695913314819336,
            -0.6218365430831909,
            16.276620864868164,
            0.373862624168396,
            2.510265350341797,
            0.04289647564291954
        ]
    },
    {
        "timestamp": "2024-07-12T13:20:32.885985",
        "attribute_name": "dtau_J",
        "values": [
            84.85770416259766,
            -78.09667205810547,
            -165.10067749023438,
            10.150711059570312,
            45.30436325073242,
            40.643333435058594,
            -31.220226287841797
        ]
    },
    {
        "timestamp": "2024-07-12T13:20:32.885985",
        "attribute_name": "ddq_d",
        "values": [
            0.0,
            0.0,
            0.0,
            0.0,
            0.0,
            0.0,
            0.0
        ]
    },
    {
        "timestamp": "2024-07-12T13:20:32.885985",
        "attribute_name": "delbow_c",
        "values": [
            0.0,
            0.0
        ]
    },
    {
        "timestamp": "2024-07-12T13:20:32.885985",
        "attribute_name": "elbow_c",
        "values": [
            0.20118867360081463,
            -1.0
        ]
    },
    {
        "timestamp": "2024-07-12T13:20:32.885985",
        "attribute_name": "elbow_d",
        "values": [
            0.20118867360081463,
            -1.0
        ]
    },
    {
        "timestamp": "2024-07-12T13:20:32.885985",
        "attribute_name": "F_T_EE",
        "values": [
            0.707099974155426,
            -0.707099974155426,
            0.0,
            0.0,
            0.707099974155426,
            0.707099974155426,
            0.0,
            0.0,
            0.0,
            0.0,
            1.0,
            0.0,
            0.0,
            0.0,
            0.10339999943971634,
            1.0
        ]
    },
    {
        "timestamp": "2024-07-12T13:20:32.885985",
        "attribute_name": "O_ddP_EE_c",
        "values": [
            0.0,
            0.0,
            0.0,
            0.0,
            0.0,
            0.0
        ]
    },
    {
        "timestamp": "2024-07-12T13:20:32.885985",
        "attribute_name": "O_dP_EE_d",
        "values": [
            0.0,
            0.0,
            0.0,
            0.0,
            0.0,
            0.0
        ]
    },
    {
        "timestamp": "2024-07-12T13:20:32.885985",
        "attribute_name": "O_T_EE",
        "values": [
            -0.04000045015358606,
            -0.9990624089043827,
            0.015969157864165966,
            0.0,
            -0.9985509219392662,
            0.039398231261286144,
            -0.03639481513803655,
            0.0,
            0.035732223064876834,
            -0.01740216134216622,
            -0.9992098743584669,
            0.0,
            0.05242952145935336,
            -0.4013603291953605,
            0.1434694459755439,
            1.0
        ]
    },
    {
        "timestamp": "2024-07-12T13:20:32.885985",
        "attribute_name": "O_F_ext_hat_K",
        "values": [
            -0.21086827107772577,
            0.014773403995168865,
            -0.9500616865548543,
            0.07356090254384616,
            -0.008608197026373384,
            -0.16514199566174398
        ]
    },
    {
        "timestamp": "2024-07-12T13:20:32.885985",
        "attribute_name": "m_ee",
        "values": 0.7300000190734863
    },
    {
        "timestamp": "2024-07-12T13:20:32.885985",
        "attribute_name": "tau_ext_hat_filtered",
        "values": [
            -0.0952850615221157,
            0.07506916413587657,
            -0.2321764954557481,
            -0.0437249907429806,
            0.05514499593243938,
            0.21824703237694912,
            0.07867355307600164
        ]
    },
    {
        "timestamp": "2024-07-12T13:20:32.885985",
        "attribute_name": "joint_contact",
        "values": [
            0.0,
            0.0,
            0.0,
            0.0,
            0.0,
            0.0,
            0.0
        ]
    },
    {
        "timestamp": "2024-07-12T13:20:32.885985",
        "attribute_name": "dq_d",
        "values": [
            0.0,
            0.0,
            0.0,
            0.0,
            0.0,
            0.0,
            0.0
        ]
    },
    {
        "timestamp": "2024-07-12T13:20:32.885985",
        "attribute_name": "EE_T_K",
        "values": [
            1.0,
            0.0,
            0.0,
            0.0,
            0.0,
            1.0,
            0.0,
            0.0,
            0.0,
            0.0,
            1.0,
            0.0,
            0.0,
            0.0,
            0.0,
            1.0
        ]
    },
    {
        "timestamp": "2024-07-12T13:20:32.885985",
        "attribute_name": "K_F_ext_hat_K",
        "values": [
            -0.02149682575071382,
            0.2457268029338281,
            0.941519137195918,
            0.039066927514858456,
            0.3070409391814515,
            0.07078725457165401
        ]
    },
    {
        "timestamp": "2024-07-12T13:20:32.885985",
        "attribute_name": "O_dP_EE_c",
        "values": [
            0.0,
            0.0,
            0.0,
            0.0,
            0.0,
            0.0
        ]
    },
    {
        "timestamp": "2024-07-12T13:20:32.885985",
        "attribute_name": "O_F_ext_hat_K",
        "values": [
            -0.21086827107772577,
            0.014773403995168865,
            -0.9500616865548543,
            0.07356090254384616,
            -0.008608197026373384,
            -0.16514199566174398
        ]
    },
    {
        "timestamp": "2024-07-12T13:20:32.885985",
        "attribute_name": "cartesian_contact",
        "values": [
            0.0,
            0.0,
            0.0,
            0.0,
            0.0,
            0.0
        ]
    },
    {
        "timestamp": "2024-07-12T13:20:32.885985",
        "attribute_name": "joint_collision",
        "values": [
            0.0,
            0.0,
            0.0,
            0.0,
            0.0,
            0.0,
            0.0
        ]
    },
    {
        "timestamp": "2024-07-12T13:20:32.885985",
        "attribute_name": "cartesian_collision",
        "values": [
            0.0,
            0.0,
            0.0,
            0.0,
            0.0,
            0.0
        ]
    },
    {
        "timestamp": "2024-07-12T13:20:32.885985",
        "attribute_name": "theta",
        "values": [
            -1.6392056941986084,
            -0.06985365599393845,
            0.20115602016448975,
            -2.7245068550109863,
            0.10490991175174713,
            2.6786949634552,
            0.8642448782920837
        ]
    },
    {
        "timestamp": "2024-07-12T13:20:32.885985",
        "attribute_name": "control_command_success_rate",
        "values": 0.0
    },
    {
        "timestamp": "2024-07-12T13:20:32.885985",
        "attribute_name": "ddelbow_c",
        "values": [
            0.0,
            0.0
        ]
    },
    {
        "timestamp": "2024-07-12T13:20:32.885985",
        "attribute_name": "O_T_EE_d",
        "values": [
            -0.040004519292412735,
            -0.9990622295742744,
            0.015970183952321013,
            0.0,
            -0.9985507590666136,
            0.03940225977001804,
            -0.036394922636463475,
            0.0,
            0.0357322191736499,
            -0.017403335760922577,
            -0.999209854043343,
            0.0,
            0.05242536763458485,
            -0.401360862428248,
            0.14346941317396664,
            1.0
        ]
    },
    {
        "timestamp": "2024-07-12T13:20:32.910206",
        "attribute_name": "elbow",
        "values": [
            0.20119325104445474,
            -1.0
        ]
    },
    {
        "timestamp": "2024-07-12T13:20:32.910206",
        "attribute_name": "O_T_EE",
        "values": [
            -0.0400092731233987,
            -0.9990619054632732,
            0.015978548664980902,
            0.0,
            -0.9985505585334176,
            0.03940670009552443,
            -0.03639561706289827,
            0.0,
            0.035732500619532634,
            -0.01741188611029769,
            -0.9992096950197977,
            0.0,
            0.05242619704546383,
            -0.4013634915032225,
            0.14347266047349067,
            1.0
        ]
    },
    {
        "timestamp": "2024-07-12T13:20:32.910206",
        "attribute_name": "tau_J_d",
        "values": [
            0.0,
            0.0,
            0.0,
            0.0,
            0.0,
            0.0,
            0.0
        ]
    },
    {
        "timestamp": "2024-07-12T13:20:32.910206",
        "attribute_name": "q",
        "values": [
            -1.6392012200425243,
            -0.06840660079316968,
            0.20119325104445474,
            -2.7256462978124896,
            0.10486837129791023,
            2.678417265786041,
            0.8642401120170122
        ]
    },
    {
        "timestamp": "2024-07-12T13:20:32.910206",
        "attribute_name": "q_d",
        "values": [
            -1.6391983855105283,
            -0.06840131119991602,
            0.20118867360081463,
            -2.72564971009265,
            0.10486730949397637,
            2.6784172643256468,
            0.8642345166304186
        ]
    },
    {
        "timestamp": "2024-07-12T13:20:32.910206",
        "attribute_name": "dq",
        "values": [
            -0.0004201164034569782,
            -0.0005619691065950052,
            -0.0007909370294693831,
            0.0006881294632299689,
            -0.00022311082746548236,
            0.00023041573902755547,
            0.0012611148521506897
        ]
    },
    {
        "timestamp": "2024-07-12T13:20:32.910206",
        "attribute_name": "tau_J",
        "values": [
            -0.07357162237167358,
            -20.620534896850586,
            -0.5861309766769409,
            16.236948013305664,
            0.373862624168396,
            2.499279022216797,
            0.04289647564291954
        ]
    },
    {
        "timestamp": "2024-07-12T13:20:32.910206",
        "attribute_name": "dtau_J",
        "values": [
            101.08735656738281,
            76.3596420288086,
            144.90545654296875,
            -83.61969757080078,
            -1.1250603199005127,
            -3.710731267929077,
            -69.55219268798828
        ]
    },
    {
        "timestamp": "2024-07-12T13:20:32.910206",
        "attribute_name": "ddq_d",
        "values": [
            0.0,
            0.0,
            0.0,
            0.0,
            0.0,
            0.0,
            0.0
        ]
    },
    {
        "timestamp": "2024-07-12T13:20:32.910206",
        "attribute_name": "delbow_c",
        "values": [
            0.0,
            0.0
        ]
    },
    {
        "timestamp": "2024-07-12T13:20:32.910206",
        "attribute_name": "elbow_c",
        "values": [
            0.20118867360081463,
            -1.0
        ]
    },
    {
        "timestamp": "2024-07-12T13:20:32.910206",
        "attribute_name": "elbow_d",
        "values": [
            0.20118867360081463,
            -1.0
        ]
    },
    {
        "timestamp": "2024-07-12T13:20:32.910206",
        "attribute_name": "F_T_EE",
        "values": [
            0.707099974155426,
            -0.707099974155426,
            0.0,
            0.0,
            0.707099974155426,
            0.707099974155426,
            0.0,
            0.0,
            0.0,
            0.0,
            1.0,
            0.0,
            0.0,
            0.0,
            0.10339999943971634,
            1.0
        ]
    },
    {
        "timestamp": "2024-07-12T13:20:32.910206",
        "attribute_name": "O_ddP_EE_c",
        "values": [
            0.0,
            0.0,
            0.0,
            0.0,
            0.0,
            0.0
        ]
    },
    {
        "timestamp": "2024-07-12T13:20:32.910206",
        "attribute_name": "O_dP_EE_d",
        "values": [
            0.0,
            0.0,
            0.0,
            0.0,
            0.0,
            0.0
        ]
    },
    {
        "timestamp": "2024-07-12T13:20:32.910206",
        "attribute_name": "O_T_EE",
        "values": [
            -0.0400092731233987,
            -0.9990619054632732,
            0.015978548664980902,
            0.0,
            -0.9985505585334176,
            0.03940670009552443,
            -0.03639561706289827,
            0.0,
            0.035732500619532634,
            -0.01741188611029769,
            -0.9992096950197977,
            0.0,
            0.05242619704546383,
            -0.4013634915032225,
            0.14347266047349067,
            1.0
        ]
    },
    {
        "timestamp": "2024-07-12T13:20:32.910206",
        "attribute_name": "O_F_ext_hat_K",
        "values": [
            -0.15688663126951263,
            0.045347344450638497,
            -0.9410168537765242,
            0.05928392705753158,
            0.002610928117105363,
            -0.1417450996660889
        ]
    },
    {
        "timestamp": "2024-07-12T13:20:32.910206",
        "attribute_name": "m_ee",
        "values": 0.7300000190734863
    },
    {
        "timestamp": "2024-07-12T13:20:32.910206",
        "attribute_name": "tau_ext_hat_filtered",
        "values": [
            -0.07172446659609667,
            0.07144481004035458,
            -0.2094697250490273,
            -0.04649510885868978,
            0.05371889381474464,
            0.21906255473006167,
            0.07827042554729462
        ]
    },
    {
        "timestamp": "2024-07-12T13:20:32.910206",
        "attribute_name": "joint_contact",
        "values": [
            0.0,
            0.0,
            0.0,
            0.0,
            0.0,
            0.0,
            0.0
        ]
    },
    {
        "timestamp": "2024-07-12T13:20:32.910206",
        "attribute_name": "dq_d",
        "values": [
            0.0,
            0.0,
            0.0,
            0.0,
            0.0,
            0.0,
            0.0
        ]
    },
    {
        "timestamp": "2024-07-12T13:20:32.910206",
        "attribute_name": "EE_T_K",
        "values": [
            1.0,
            0.0,
            0.0,
            0.0,
            0.0,
            1.0,
            0.0,
            0.0,
            0.0,
            0.0,
            1.0,
            0.0,
            0.0,
            0.0,
            0.0,
            1.0
        ]
    },
    {
        "timestamp": "2024-07-12T13:20:32.910206",
        "attribute_name": "K_F_ext_hat_K",
        "values": [
            -0.0540650087862732,
            0.1926988215927259,
            0.9338776290245171,
            0.03537287246906559,
            0.31344597055533086,
            0.07036643953094728
        ]
    },
    {
        "timestamp": "2024-07-12T13:20:32.910206",
        "attribute_name": "O_dP_EE_c",
        "values": [
            0.0,
            0.0,
            0.0,
            0.0,
            0.0,
            0.0
        ]
    },
    {
        "timestamp": "2024-07-12T13:20:32.910206",
        "attribute_name": "O_F_ext_hat_K",
        "values": [
            -0.15688663126951263,
            0.045347344450638497,
            -0.9410168537765242,
            0.05928392705753158,
            0.002610928117105363,
            -0.1417450996660889
        ]
    },
    {
        "timestamp": "2024-07-12T13:20:32.910206",
        "attribute_name": "cartesian_contact",
        "values": [
            0.0,
            0.0,
            0.0,
            0.0,
            0.0,
            0.0
        ]
    },
    {
        "timestamp": "2024-07-12T13:20:32.910206",
        "attribute_name": "joint_collision",
        "values": [
            0.0,
            0.0,
            0.0,
            0.0,
            0.0,
            0.0,
            0.0
        ]
    },
    {
        "timestamp": "2024-07-12T13:20:32.910206",
        "attribute_name": "cartesian_collision",
        "values": [
            0.0,
            0.0,
            0.0,
            0.0,
            0.0,
            0.0
        ]
    },
    {
        "timestamp": "2024-07-12T13:20:32.910206",
        "attribute_name": "theta",
        "values": [
            -1.6392056941986084,
            -0.06985365599393845,
            0.20115283131599426,
            -2.7245068550109863,
            0.10490991175174713,
            2.6786949634552,
            0.8642448782920837
        ]
    },
    {
        "timestamp": "2024-07-12T13:20:32.910206",
        "attribute_name": "control_command_success_rate",
        "values": 0.0
    },
    {
        "timestamp": "2024-07-12T13:20:32.910206",
        "attribute_name": "ddelbow_c",
        "values": [
            0.0,
            0.0
        ]
    },
    {
        "timestamp": "2024-07-12T13:20:32.910206",
        "attribute_name": "O_T_EE_d",
        "values": [
            -0.040004519292412735,
            -0.9990622295742744,
            0.015970183952321013,
            0.0,
            -0.9985507590666136,
            0.03940225977001804,
            -0.036394922636463475,
            0.0,
            0.0357322191736499,
            -0.017403335760922577,
            -0.999209854043343,
            0.0,
            0.05242536763458485,
            -0.401360862428248,
            0.14346941317396664,
            1.0
        ]
    },
    {
        "timestamp": "2024-07-12T13:20:32.933905",
        "attribute_name": "elbow",
        "values": [
            0.20119646892794912,
            -1.0
        ]
    },
    {
        "timestamp": "2024-07-12T13:20:32.933905",
        "attribute_name": "O_T_EE",
        "values": [
            -0.03999862027197013,
            -0.9990623846169648,
            0.015975259653935703,
            0.0,
            -0.9985509617002181,
            0.039396164249693555,
            -0.036395961742877944,
            0.0,
            0.03573316035007587,
            -0.017408234306489637,
            -0.9992097350555218,
            0.0,
            0.05242800993955,
            -0.40136246628711475,
            0.14347227603788426,
            1.0
        ]
    },
    {
        "timestamp": "2024-07-12T13:20:32.933905",
        "attribute_name": "tau_J_d",
        "values": [
            0.0,
            0.0,
            0.0,
            0.0,
            0.0,
            0.0,
            0.0
        ]
    },
    {
        "timestamp": "2024-07-12T13:20:32.933905",
        "attribute_name": "q",
        "values": [
            -1.6391998135162218,
            -0.06840660091345702,
            0.20119646892794912,
            -2.725646504600252,
            0.1048705033095494,
            2.678414033090318,
            0.8642322747018792
        ]
    },
    {
        "timestamp": "2024-07-12T13:20:32.933905",
        "attribute_name": "q_d",
        "values": [
            -1.6391983855105283,
            -0.06840131119991602,
            0.20118867360081463,
            -2.72564971009265,
            0.10486730949397637,
            2.6784172643256468,
            0.8642345166304186
        ]
    },
    {
        "timestamp": "2024-07-12T13:20:32.933905",
        "attribute_name": "dq",
        "values": [
            3.077456513973041e-05,
            -0.0015716585033247832,
            -0.004074100989414249,
            0.0006733719595303031,
            0.000413508951858524,
            -2.4646537800697307e-05,
            -0.0018402342362538859
        ]
    },
    {
        "timestamp": "2024-07-12T13:20:32.933905",
        "attribute_name": "tau_J",
        "values": [
            -0.11324447393417358,
            -20.620534896850586,
            -0.6218365430831909,
            16.236948013305664,
            0.354636549949646,
            2.499279022216797,
            0.11339208483695984
        ]
    },
    {
        "timestamp": "2024-07-12T13:20:32.933905",
        "attribute_name": "dtau_J",
        "values": [
            -40.88148880004883,
            95.05584716796875,
            -69.0772476196289,
            -58.30143356323242,
            -20.089447021484375,
            5.467046737670898,
            65.67311096191406
        ]
    },
    {
        "timestamp": "2024-07-12T13:20:32.933905",
        "attribute_name": "ddq_d",
        "values": [
            0.0,
            0.0,
            0.0,
            0.0,
            0.0,
            0.0,
            0.0
        ]
    },
    {
        "timestamp": "2024-07-12T13:20:32.933905",
        "attribute_name": "delbow_c",
        "values": [
            0.0,
            0.0
        ]
    },
    {
        "timestamp": "2024-07-12T13:20:32.933905",
        "attribute_name": "elbow_c",
        "values": [
            0.20118867360081463,
            -1.0
        ]
    },
    {
        "timestamp": "2024-07-12T13:20:32.933905",
        "attribute_name": "elbow_d",
        "values": [
            0.20118867360081463,
            -1.0
        ]
    },
    {
        "timestamp": "2024-07-12T13:20:32.933905",
        "attribute_name": "F_T_EE",
        "values": [
            0.707099974155426,
            -0.707099974155426,
            0.0,
            0.0,
            0.707099974155426,
            0.707099974155426,
            0.0,
            0.0,
            0.0,
            0.0,
            1.0,
            0.0,
            0.0,
            0.0,
            0.10339999943971634,
            1.0
        ]
    },
    {
        "timestamp": "2024-07-12T13:20:32.933905",
        "attribute_name": "O_ddP_EE_c",
        "values": [
            0.0,
            0.0,
            0.0,
            0.0,
            0.0,
            0.0
        ]
    },
    {
        "timestamp": "2024-07-12T13:20:32.933905",
        "attribute_name": "O_dP_EE_d",
        "values": [
            0.0,
            0.0,
            0.0,
            0.0,
            0.0,
            0.0
        ]
    },
    {
        "timestamp": "2024-07-12T13:20:32.933905",
        "attribute_name": "O_T_EE",
        "values": [
            -0.03999862027197013,
            -0.9990623846169648,
            0.015975259653935703,
            0.0,
            -0.9985509617002181,
            0.039396164249693555,
            -0.036395961742877944,
            0.0,
            0.03573316035007587,
            -0.017408234306489637,
            -0.9992097350555218,
            0.0,
            0.05242800993955,
            -0.40136246628711475,
            0.14347227603788426,
            1.0
        ]
    },
    {
        "timestamp": "2024-07-12T13:20:32.933905",
        "attribute_name": "O_F_ext_hat_K",
        "values": [
            -0.2173877291796334,
            0.04055723771942978,
            -0.928847725483611,
            0.056232157229778104,
            -0.013316241225386185,
            -0.1669600316949209
        ]
    },
    {
        "timestamp": "2024-07-12T13:20:32.933905",
        "attribute_name": "m_ee",
        "values": 0.7300000190734863
    },
    {
        "timestamp": "2024-07-12T13:20:32.933905",
        "attribute_name": "tau_ext_hat_filtered",
        "values": [
            -0.09689832187531541,
            0.06652138893127743,
            -0.23441151879415395,
            -0.04452400902044296,
            0.05650461594980933,
            0.22001768833012766,
            0.07911194332854159
        ]
    },
    {
        "timestamp": "2024-07-12T13:20:32.933905",
        "attribute_name": "joint_contact",
        "values": [
            0.0,
            0.0,
            0.0,
            0.0,
            0.0,
            0.0,
            0.0
        ]
    },
    {
        "timestamp": "2024-07-12T13:20:32.933905",
        "attribute_name": "dq_d",
        "values": [
            0.0,
            0.0,
            0.0,
            0.0,
            0.0,
            0.0,
            0.0
        ]
    },
    {
        "timestamp": "2024-07-12T13:20:32.933905",
        "attribute_name": "EE_T_K",
        "values": [
            1.0,
            0.0,
            0.0,
            0.0,
            0.0,
            1.0,
            0.0,
            0.0,
            0.0,
            0.0,
            1.0,
            0.0,
            0.0,
            0.0,
            0.0,
            1.0
        ]
    },
    {
        "timestamp": "2024-07-12T13:20:32.933905",
        "attribute_name": "K_F_ext_hat_K",
        "values": [
            -0.04666348340843292,
            0.2524816929694966,
            0.9196397092054446,
            0.041917751728817336,
            0.3120663178409443,
            0.07120281634790089
        ]
    },
    {
        "timestamp": "2024-07-12T13:20:32.933905",
        "attribute_name": "O_dP_EE_c",
        "values": [
            0.0,
            0.0,
            0.0,
            0.0,
            0.0,
            0.0
        ]
    },
    {
        "timestamp": "2024-07-12T13:20:32.933905",
        "attribute_name": "O_F_ext_hat_K",
        "values": [
            -0.2173877291796334,
            0.04055723771942978,
            -0.928847725483611,
            0.056232157229778104,
            -0.013316241225386185,
            -0.1669600316949209
        ]
    },
    {
        "timestamp": "2024-07-12T13:20:32.933905",
        "attribute_name": "cartesian_contact",
        "values": [
            0.0,
            0.0,
            0.0,
            0.0,
            0.0,
            0.0
        ]
    },
    {
        "timestamp": "2024-07-12T13:20:32.933905",
        "attribute_name": "joint_collision",
        "values": [
            0.0,
            0.0,
            0.0,
            0.0,
            0.0,
            0.0,
            0.0
        ]
    },
    {
        "timestamp": "2024-07-12T13:20:32.933905",
        "attribute_name": "cartesian_collision",
        "values": [
            0.0,
            0.0,
            0.0,
            0.0,
            0.0,
            0.0
        ]
    },
    {
        "timestamp": "2024-07-12T13:20:32.933905",
        "attribute_name": "theta",
        "values": [
            -1.6392087936401367,
            -0.06985365599393845,
            0.20115283131599426,
            -2.7245068550109863,
            0.10490991175174713,
            2.678690195083618,
            0.8642448782920837
        ]
    },
    {
        "timestamp": "2024-07-12T13:20:32.933905",
        "attribute_name": "control_command_success_rate",
        "values": 0.0
    },
    {
        "timestamp": "2024-07-12T13:20:32.933905",
        "attribute_name": "ddelbow_c",
        "values": [
            0.0,
            0.0
        ]
    },
    {
        "timestamp": "2024-07-12T13:20:32.933905",
        "attribute_name": "O_T_EE_d",
        "values": [
            -0.040004519292412735,
            -0.9990622295742744,
            0.015970183952321013,
            0.0,
            -0.9985507590666136,
            0.03940225977001804,
            -0.036394922636463475,
            0.0,
            0.0357322191736499,
            -0.017403335760922577,
            -0.999209854043343,
            0.0,
            0.05242536763458485,
            -0.401360862428248,
            0.14346941317396664,
            1.0
        ]
    },
    {
        "timestamp": "2024-07-12T13:20:32.971259",
        "attribute_name": "elbow",
        "values": [
            0.20119925302775035,
            -1.0
        ]
    },
    {
        "timestamp": "2024-07-12T13:20:32.971259",
        "attribute_name": "O_T_EE",
        "values": [
            -0.039998246003037675,
            -0.9990623672206826,
            0.01597728454069718,
            0.0,
            -0.9985510102407482,
            0.039395732865184614,
            -0.036395096928080184,
            0.0,
            0.035732222814533525,
            -0.01741020885972205,
            -0.9992097341800635,
            0.0,
            0.05243003049072925,
            -0.4013632756321783,
            0.14347298058073019,
            1.0
        ]
    },
    {
        "timestamp": "2024-07-12T13:20:32.971259",
        "attribute_name": "tau_J_d",
        "values": [
            0.0,
            0.0,
            0.0,
            0.0,
            0.0,
            0.0,
            0.0
        ]
    },
    {
        "timestamp": "2024-07-12T13:20:32.971259",
        "attribute_name": "q",
        "values": [
            -1.6391977472181256,
            -0.0684066009134082,
            0.20119925302775035,
            -2.725644420415433,
            0.10486801659155592,
            2.6784140868716766,
            0.8642389930391476
        ]
    },
    {
        "timestamp": "2024-07-12T13:20:32.971259",
        "attribute_name": "q_d",
        "values": [
            -1.6391983855105283,
            -0.06840131119991602,
            0.20118867360081463,
            -2.72564971009265,
            0.10486730949397637,
            2.6784172643256468,
            0.8642345166304186
        ]
    },
    {
        "timestamp": "2024-07-12T13:20:32.971259",
        "attribute_name": "dq",
        "values": [
            0.0005625753948642647,
            -0.0007495893011973092,
            0.00130369199236059,
            0.001447139882728159,
            -0.0005412331636544689,
            -0.00016539505385690213,
            0.00015167361395070376
        ]
    },
    {
        "timestamp": "2024-07-12T13:20:32.971259",
        "attribute_name": "tau_J",
        "values": [
            -0.11324447393417358,
            -20.620534896850586,
            -0.6615093946456909,
            16.201242446899414,
            0.373862624168396,
            2.499279022216797,
            0.05296727642416954
        ]
    },
    {
        "timestamp": "2024-07-12T13:20:32.971259",
        "attribute_name": "dtau_J",
        "values": [
            -0.0863923504948616,
            82.27526092529297,
            -161.8856964111328,
            -133.00486755371094,
            28.62055206298828,
            -3.8969292640686035,
            -49.36240005493164
        ]
    },
    {
        "timestamp": "2024-07-12T13:20:32.971259",
        "attribute_name": "ddq_d",
        "values": [
            0.0,
            0.0,
            0.0,
            0.0,
            0.0,
            0.0,
            0.0
        ]
    },
    {
        "timestamp": "2024-07-12T13:20:32.971259",
        "attribute_name": "delbow_c",
        "values": [
            0.0,
            0.0
        ]
    },
    {
        "timestamp": "2024-07-12T13:20:32.971259",
        "attribute_name": "elbow_c",
        "values": [
            0.20118867360081463,
            -1.0
        ]
    },
    {
        "timestamp": "2024-07-12T13:20:32.971259",
        "attribute_name": "elbow_d",
        "values": [
            0.20118867360081463,
            -1.0
        ]
    },
    {
        "timestamp": "2024-07-12T13:20:32.971259",
        "attribute_name": "F_T_EE",
        "values": [
            0.707099974155426,
            -0.707099974155426,
            0.0,
            0.0,
            0.707099974155426,
            0.707099974155426,
            0.0,
            0.0,
            0.0,
            0.0,
            1.0,
            0.0,
            0.0,
            0.0,
            0.10339999943971634,
            1.0
        ]
    },
    {
        "timestamp": "2024-07-12T13:20:32.971259",
        "attribute_name": "O_ddP_EE_c",
        "values": [
            0.0,
            0.0,
            0.0,
            0.0,
            0.0,
            0.0
        ]
    },
    {
        "timestamp": "2024-07-12T13:20:32.971259",
        "attribute_name": "O_dP_EE_d",
        "values": [
            0.0,
            0.0,
            0.0,
            0.0,
            0.0,
            0.0
        ]
    },
    {
        "timestamp": "2024-07-12T13:20:32.971259",
        "attribute_name": "O_T_EE",
        "values": [
            -0.039998246003037675,
            -0.9990623672206826,
            0.01597728454069718,
            0.0,
            -0.9985510102407482,
            0.039395732865184614,
            -0.036395096928080184,
            0.0,
            0.035732222814533525,
            -0.01741020885972205,
            -0.9992097341800635,
            0.0,
            0.05243003049072925,
            -0.4013632756321783,
            0.14347298058073019,
            1.0
        ]
    },
    {
        "timestamp": "2024-07-12T13:20:32.971259",
        "attribute_name": "O_F_ext_hat_K",
        "values": [
            -0.22699965075511674,
            0.027097825766043273,
            -0.9398505012129882,
            0.06453560745640859,
            -0.015054162253042132,
            -0.1710550932694842
        ]
    },
    {
        "timestamp": "2024-07-12T13:20:32.971259",
        "attribute_name": "m_ee",
        "values": 0.7300000190734863
    },
    {
        "timestamp": "2024-07-12T13:20:32.971259",
        "attribute_name": "tau_ext_hat_filtered",
        "values": [
            -0.10118552220893412,
            0.07023168591483611,
            -0.2381835180650654,
            -0.044004264903007746,
            0.05648908405318386,
            0.21983283719247346,
            0.07870872017067791
        ]
    },
    {
        "timestamp": "2024-07-12T13:20:32.971259",
        "attribute_name": "joint_contact",
        "values": [
            0.0,
            0.0,
            0.0,
            0.0,
            0.0,
            0.0,
            0.0
        ]
    },
    {
        "timestamp": "2024-07-12T13:20:32.971259",
        "attribute_name": "dq_d",
        "values": [
            0.0,
            0.0,
            0.0,
            0.0,
            0.0,
            0.0,
            0.0
        ]
    },
    {
        "timestamp": "2024-07-12T13:20:32.971259",
        "attribute_name": "EE_T_K",
        "values": [
            1.0,
            0.0,
            0.0,
            0.0,
            0.0,
            1.0,
            0.0,
            0.0,
            0.0,
            0.0,
            1.0,
            0.0,
            0.0,
            0.0,
            0.0,
            1.0
        ]
    },
    {
        "timestamp": "2024-07-12T13:20:32.971259",
        "attribute_name": "K_F_ext_hat_K",
        "values": [
            -0.033009724505933875,
            0.26194926271551017,
            0.9305247885801953,
            0.04278332881486952,
            0.31005944492179843,
            0.07082115452743418
        ]
    },
    {
        "timestamp": "2024-07-12T13:20:32.971259",
        "attribute_name": "O_dP_EE_c",
        "values": [
            0.0,
            0.0,
            0.0,
            0.0,
            0.0,
            0.0
        ]
    },
    {
        "timestamp": "2024-07-12T13:20:32.971259",
        "attribute_name": "O_F_ext_hat_K",
        "values": [
            -0.22699965075511674,
            0.027097825766043273,
            -0.9398505012129882,
            0.06453560745640859,
            -0.015054162253042132,
            -0.1710550932694842
        ]
    },
    {
        "timestamp": "2024-07-12T13:20:32.971259",
        "attribute_name": "cartesian_contact",
        "values": [
            0.0,
            0.0,
            0.0,
            0.0,
            0.0,
            0.0
        ]
    },
    {
        "timestamp": "2024-07-12T13:20:32.971259",
        "attribute_name": "joint_collision",
        "values": [
            0.0,
            0.0,
            0.0,
            0.0,
            0.0,
            0.0,
            0.0
        ]
    },
    {
        "timestamp": "2024-07-12T13:20:32.971259",
        "attribute_name": "cartesian_collision",
        "values": [
            0.0,
            0.0,
            0.0,
            0.0,
            0.0,
            0.0
        ]
    },
    {
        "timestamp": "2024-07-12T13:20:32.971259",
        "attribute_name": "theta",
        "values": [
            -1.6392056941986084,
            -0.06985365599393845,
            0.20115283131599426,
            -2.7245068550109863,
            0.10490991175174713,
            2.678690195083618,
            0.8642448782920837
        ]
    },
    {
        "timestamp": "2024-07-12T13:20:32.971259",
        "attribute_name": "control_command_success_rate",
        "values": 0.0
    },
    {
        "timestamp": "2024-07-12T13:20:32.971259",
        "attribute_name": "ddelbow_c",
        "values": [
            0.0,
            0.0
        ]
    },
    {
        "timestamp": "2024-07-12T13:20:32.971259",
        "attribute_name": "O_T_EE_d",
        "values": [
            -0.040004519292412735,
            -0.9990622295742744,
            0.015970183952321013,
            0.0,
            -0.9985507590666136,
            0.03940225977001804,
            -0.036394922636463475,
            0.0,
            0.0357322191736499,
            -0.017403335760922577,
            -0.999209854043343,
            0.0,
            0.05242536763458485,
            -0.401360862428248,
            0.14346941317396664,
            1.0
        ]
    },
    {
        "timestamp": "2024-07-12T13:20:33.022746",
        "attribute_name": "elbow",
        "values": [
            0.20119396331435752,
            -1.0
        ]
    },
    {
        "timestamp": "2024-07-12T13:20:33.022746",
        "attribute_name": "O_T_EE",
        "values": [
            -0.04000719921614507,
            -0.9990620895425355,
            0.015972230620395534,
            0.0,
            -0.9985506295838549,
            0.0394048521776317,
            -0.03639566847517199,
            0.0,
            0.035732837178403296,
            -0.01740550481104905,
            -0.9992097941620941,
            0.0,
            0.05242775920079653,
            -0.40136139430874174,
            0.14347070111374222,
            1.0
        ]
    },
    {
        "timestamp": "2024-07-12T13:20:33.022746",
