[
    {
        "timestamp": "2024-07-12T15:52:25.522916",
        "attribute_name": "elbow",
        "values": [
            0.5167714782436132,
            -1.0
        ]
    },
    {
        "timestamp": "2024-07-12T15:52:25.522916",
        "attribute_name": "O_T_EE",
        "values": [
            -0.12626058387575378,
            -0.9898407951500083,
            0.06522432151706324,
            0.0,
            -0.9912383261764617,
            0.12333750786997023,
            -0.0470657707099329,
            0.0,
            0.03854375672219966,
            -0.0705967581833272,
            -0.9967599894416632,
            0.0,
            0.07497122818672051,
            -0.4236386408098558,
            0.18427230204249465,
            1.0
        ]
    },
    {
        "timestamp": "2024-07-12T15:52:25.522916",
        "attribute_name": "tau_J_d",
        "values": [
            0.0,
            0.0,
            0.0,
            0.0,
            0.0,
            0.0,
            0.0
        ]
    },
    {
        "timestamp": "2024-07-12T15:52:25.522916",
        "attribute_name": "q",
        "values": [
            -1.896631638514368,
            -0.14734811068727866,
            0.5167714782436132,
            -2.665662742077169,
            0.19138556934727524,
            2.6062324895361466,
            0.9383967611297137
        ]
    },
    {
        "timestamp": "2024-07-12T15:52:25.522916",
        "attribute_name": "q_d",
        "values": [
            -1.8968010349148197,
            -0.14749490476682045,
            0.5165447285591714,
            -2.6655787099593153,
            0.191374937599488,
            2.6062732215464135,
            0.9383332755686007
        ]
    },
    {
        "timestamp": "2024-07-12T15:52:25.522916",
        "attribute_name": "dq",
        "values": [
            0.0014511761299362549,
            -0.0010226650422855749,
            0.00017425216068395254,
            -4.2227323305056054e-05,
            -0.00038215401147646626,
            0.00039554032998501175,
            -0.0024011338756647995
        ]
    },
    {
        "timestamp": "2024-07-12T15:52:25.522916",
        "attribute_name": "tau_J",
        "values": [
            -0.11324447393417358,
            -17.184865951538086,
            -2.0778303146362305,
            18.073801040649414,
            0.401328444480896,
            2.436107635498047,
            -0.02851465716958046
        ]
    },
    {
        "timestamp": "2024-07-12T15:52:25.522916",
        "attribute_name": "dtau_J",
        "values": [
            -133.84498596191406,
            108.06581115722656,
            -132.83009338378906,
            -7.7820281982421875,
            13.124393463134766,
            -10.992586135864258,
            100.30885314941406
        ]
    },
    {
        "timestamp": "2024-07-12T15:52:25.522916",
        "attribute_name": "ddq_d",
        "values": [
            0.0,
            0.0,
            0.0,
            0.0,
            0.0,
            0.0,
            0.0
        ]
    },
    {
        "timestamp": "2024-07-12T15:52:25.522916",
        "attribute_name": "delbow_c",
        "values": [
            0.0,
            0.0
        ]
    },
    {
        "timestamp": "2024-07-12T15:52:25.522916",
        "attribute_name": "elbow_c",
        "values": [
            0.5165447285591714,
            -1.0
        ]
    },
    {
        "timestamp": "2024-07-12T15:52:25.522916",
        "attribute_name": "elbow_d",
        "values": [
            0.5165447285591714,
            -1.0
        ]
    },
    {
        "timestamp": "2024-07-12T15:52:25.522916",
        "attribute_name": "F_T_EE",
        "values": [
            0.707099974155426,
            -0.707099974155426,
            0.0,
            0.0,
            0.707099974155426,
            0.707099974155426,
            0.0,
            0.0,
            0.0,
            0.0,
            1.0,
            0.0,
            0.0,
            0.0,
            0.10339999943971634,
            1.0
        ]
    },
    {
        "timestamp": "2024-07-12T15:52:25.522916",
        "attribute_name": "O_ddP_EE_c",
        "values": [
            0.0,
            0.0,
            0.0,
            0.0,
            0.0,
            0.0
        ]
    },
    {
        "timestamp": "2024-07-12T15:52:25.522916",
        "attribute_name": "O_dP_EE_d",
        "values": [
            0.0,
            0.0,
            0.0,
            0.0,
            0.0,
            0.0
        ]
    },
    {
        "timestamp": "2024-07-12T15:52:25.522916",
        "attribute_name": "O_T_EE",
        "values": [
            -0.12626058387575378,
            -0.9898407951500083,
            0.06522432151706324,
            0.0,
            -0.9912383261764617,
            0.12333750786997023,
            -0.0470657707099329,
            0.0,
            0.03854375672219966,
            -0.0705967581833272,
            -0.9967599894416632,
            0.0,
            0.07497122818672051,
            -0.4236386408098558,
            0.18427230204249465,
            1.0
        ]
    },
    {
        "timestamp": "2024-07-12T15:52:25.522916",
        "attribute_name": "O_F_ext_hat_K",
        "values": [
            -0.49745016003265663,
            -0.2388870118892931,
            -0.5936865235462866,
            0.20886139205261134,
            -0.2827756865911617,
            -0.11506909986319176
        ]
    },
    {
        "timestamp": "2024-07-12T15:52:25.522916",
        "attribute_name": "m_ee",
        "values": 0.7300000190734863
    },
    {
        "timestamp": "2024-07-12T15:52:25.522916",
        "attribute_name": "tau_ext_hat_filtered",
        "values": [
            -0.03687814086368645,
            0.1662869620173976,
            -0.20564561592233957,
            -0.04202276999928552,
            -0.005327912690790983,
            0.07825199914206145,
            -0.08156770567726454
        ]
    },
    {
        "timestamp": "2024-07-12T15:52:25.522916",
        "attribute_name": "joint_contact",
        "values": [
            0.0,
            0.0,
            0.0,
            0.0,
            0.0,
            0.0,
            0.0
        ]
    },
    {
        "timestamp": "2024-07-12T15:52:25.522916",
        "attribute_name": "dq_d",
        "values": [
            0.0,
            0.0,
            0.0,
            0.0,
            0.0,
            0.0,
            0.0
        ]
    },
    {
        "timestamp": "2024-07-12T15:52:25.522916",
        "attribute_name": "EE_T_K",
        "values": [
            1.0,
            0.0,
            0.0,
            0.0,
            0.0,
            1.0,
            0.0,
            0.0,
            0.0,
            0.0,
            1.0,
            0.0,
            0.0,
            0.0,
            0.0,
            1.0
        ]
    },
    {
        "timestamp": "2024-07-12T15:52:25.522916",
        "attribute_name": "K_F_ext_hat_K",
        "values": [
            0.260550673170038,
            0.49157971350164886,
            0.5894540236034225,
            0.2515792528374659,
            0.05149792039179865,
            -0.09991822707708323
        ]
    },
    {
        "timestamp": "2024-07-12T15:52:25.522916",
        "attribute_name": "O_dP_EE_c",
        "values": [
            0.0,
            0.0,
            0.0,
            0.0,
            0.0,
            0.0
        ]
    },
    {
        "timestamp": "2024-07-12T15:52:25.522916",
        "attribute_name": "O_F_ext_hat_K",
        "values": [
            -0.49745016003265663,
            -0.2388870118892931,
            -0.5936865235462866,
            0.20886139205261134,
            -0.2827756865911617,
            -0.11506909986319176
        ]
    },
    {
        "timestamp": "2024-07-12T15:52:25.522916",
        "attribute_name": "cartesian_contact",
        "values": [
            0.0,
            0.0,
            0.0,
            0.0,
            0.0,
            0.0
        ]
    },
    {
        "timestamp": "2024-07-12T15:52:25.522916",
        "attribute_name": "joint_collision",
        "values": [
            0.0,
            0.0,
            0.0,
            0.0,
            0.0,
            0.0,
            0.0
        ]
    },
    {
        "timestamp": "2024-07-12T15:52:25.522916",
        "attribute_name": "cartesian_collision",
        "values": [
            0.0,
            0.0,
            0.0,
            0.0,
            0.0,
            0.0
        ]
    },
    {
        "timestamp": "2024-07-12T15:52:25.522916",
        "attribute_name": "theta",
        "values": [
            -1.8966395854949951,
            -0.148553267121315,
            0.5166255831718445,
            -2.664393663406372,
            0.1914312243461609,
            2.606502056121826,
            0.9383935928344727
        ]
    },
    {
        "timestamp": "2024-07-12T15:52:25.522916",
        "attribute_name": "control_command_success_rate",
        "values": 0.0
    },
    {
        "timestamp": "2024-07-12T15:52:25.522916",
        "attribute_name": "ddelbow_c",
        "values": [
            0.0,
            0.0
        ]
    },
    {
        "timestamp": "2024-07-12T15:52:25.522916",
        "attribute_name": "O_T_EE_d",
        "values": [
            -0.126573818719674,
            -0.9897826899361154,
            0.06549841233766472,
            0.0,
            -0.9911996098582144,
            0.12363881733233271,
            -0.0470905846936888,
            0.0,
            0.03851204082633615,
            -0.07088380061866423,
            -0.9967408437107632,
            0.0,
            0.07481155764298057,
            -0.4237372764488106,
            0.18437135148031608,
            1.0
        ]
    },
    {
        "timestamp": "2024-07-12T15:52:25.549743",
        "attribute_name": "elbow",
        "values": [
            0.5167713269831247,
            -1.0
        ]
    },
    {
        "timestamp": "2024-07-12T15:52:25.549743",
        "attribute_name": "O_T_EE",
        "values": [
            -0.12627137351230175,
            -0.9898394861555005,
            0.06522329936410404,
            0.0,
            -0.9912368528803184,
            0.12334812541872645,
            -0.047068974376084066,
            0.0,
            0.03854629983582164,
            -0.07059656124299678,
            -0.9967599050471636,
            0.0,
            0.07497168431238618,
            -0.42363946288636517,
            0.18427219617092971,
            1.0
        ]
    },
    {
        "timestamp": "2024-07-12T15:52:25.549743",
        "attribute_name": "tau_J_d",
        "values": [
            0.0,
            0.0,
            0.0,
            0.0,
            0.0,
            0.0,
            0.0
        ]
    },
    {
        "timestamp": "2024-07-12T15:52:25.549743",
        "attribute_name": "q",
        "values": [
            -1.896631638514368,
            -0.14734505485042723,
            0.5167713269831247,
            -2.6656600929692833,
            0.19138763588651064,
            2.60623261570194,
            0.9384058146774769
        ]
    },
    {
        "timestamp": "2024-07-12T15:52:25.549743",
        "attribute_name": "q_d",
        "values": [
            -1.8968010349148197,
            -0.14749490476682045,
            0.5165447285591714,
            -2.6655787099593153,
            0.191374937599488,
            2.6062732215464135,
            0.9383332755686007
        ]
    },
    {
        "timestamp": "2024-07-12T15:52:25.549743",
        "attribute_name": "dq",
        "values": [
            0.000845554492270292,
            -0.0006165779180401228,
            0.0013208739952358722,
            9.89327405743309e-05,
            -0.00017412322486013253,
            -0.00045952783699297405,
            0.0005360338984093871
        ]
    },
    {
        "timestamp": "2024-07-12T15:52:25.549743",
        "attribute_name": "tau_J",
        "values": [
            -0.11324447393417358,
            -17.220571517944336,
            -2.0778303146362305,
            18.073801040649414,
            0.392173171043396,
            2.457164764404297,
            -0.10999658703804016
        ]
    },
    {
        "timestamp": "2024-07-12T15:52:25.549743",
        "attribute_name": "dtau_J",
        "values": [
            -96.5608139038086,
            17.513978958129883,
            -38.607521057128906,
            47.80681610107422,
            -1.9353584051132202,
            16.58980941772461,
            -57.35063934326172
        ]
    },
    {
        "timestamp": "2024-07-12T15:52:25.549743",
        "attribute_name": "ddq_d",
        "values": [
            0.0,
            0.0,
            0.0,
            0.0,
            0.0,
            0.0,
            0.0
        ]
    },
    {
        "timestamp": "2024-07-12T15:52:25.549743",
        "attribute_name": "delbow_c",
        "values": [
            0.0,
            0.0
        ]
    },
    {
        "timestamp": "2024-07-12T15:52:25.549743",
        "attribute_name": "elbow_c",
        "values": [
            0.5165447285591714,
            -1.0
        ]
    },
    {
        "timestamp": "2024-07-12T15:52:25.549743",
        "attribute_name": "elbow_d",
        "values": [
            0.5165447285591714,
            -1.0
        ]
    },
    {
        "timestamp": "2024-07-12T15:52:25.549743",
        "attribute_name": "F_T_EE",
        "values": [
            0.707099974155426,
            -0.707099974155426,
            0.0,
            0.0,
            0.707099974155426,
            0.707099974155426,
            0.0,
            0.0,
            0.0,
            0.0,
            1.0,
            0.0,
            0.0,
            0.0,
            0.10339999943971634,
            1.0
        ]
    },
    {
        "timestamp": "2024-07-12T15:52:25.549743",
        "attribute_name": "O_ddP_EE_c",
        "values": [
            0.0,
            0.0,
            0.0,
            0.0,
            0.0,
            0.0
        ]
    },
    {
        "timestamp": "2024-07-12T15:52:25.549743",
        "attribute_name": "O_dP_EE_d",
        "values": [
            0.0,
            0.0,
            0.0,
            0.0,
            0.0,
            0.0
        ]
    },
    {
        "timestamp": "2024-07-12T15:52:25.549743",
        "attribute_name": "O_T_EE",
        "values": [
            -0.12627137351230175,
            -0.9898394861555005,
            0.06522329936410404,
            0.0,
            -0.9912368528803184,
            0.12334812541872645,
            -0.047068974376084066,
            0.0,
            0.03854629983582164,
            -0.07059656124299678,
            -0.9967599050471636,
            0.0,
            0.07497168431238618,
            -0.42363946288636517,
            0.18427219617092971,
            1.0
        ]
    },
    {
        "timestamp": "2024-07-12T15:52:25.549743",
        "attribute_name": "O_F_ext_hat_K",
        "values": [
            -0.556207064139659,
            -0.37238216801266294,
            -0.4908646007685323,
            0.21475951530552193,
            -0.3140284017153858,
            -0.14872166363551997
        ]
    },
    {
        "timestamp": "2024-07-12T15:52:25.549743",
        "attribute_name": "m_ee",
        "values": 0.7300000190734863
    },
    {
        "timestamp": "2024-07-12T15:52:25.549743",
        "attribute_name": "tau_ext_hat_filtered",
        "values": [
            -0.0676698614200888,
            0.1337228494775307,
            -0.2453597631789396,
            0.030433236131653694,
            -0.000750991082918013,
            0.09145297972497737,
            -0.08028478112241932
        ]
    },
    {
        "timestamp": "2024-07-12T15:52:25.549743",
        "attribute_name": "joint_contact",
        "values": [
            0.0,
            0.0,
            0.0,
            0.0,
            0.0,
            0.0,
            0.0
        ]
    },
    {
        "timestamp": "2024-07-12T15:52:25.549743",
        "attribute_name": "dq_d",
        "values": [
            0.0,
            0.0,
            0.0,
            0.0,
            0.0,
            0.0,
            0.0
        ]
    },
    {
        "timestamp": "2024-07-12T15:52:25.549743",
        "attribute_name": "EE_T_K",
        "values": [
            1.0,
            0.0,
            0.0,
            0.0,
            0.0,
            1.0,
            0.0,
            0.0,
            0.0,
            0.0,
            1.0,
            0.0,
            0.0,
            0.0,
            0.0,
            1.0
        ]
    },
    {
        "timestamp": "2024-07-12T15:52:25.549743",
        "attribute_name": "K_F_ext_hat_K",
        "values": [
            0.4068236275976108,
            0.5285149663104338,
            0.4941233291178327,
            0.2611106194948997,
            0.025228019895228316,
            -0.09930654516870965
        ]
    },
    {
        "timestamp": "2024-07-12T15:52:25.549743",
        "attribute_name": "O_dP_EE_c",
        "values": [
            0.0,
            0.0,
            0.0,
            0.0,
            0.0,
            0.0
        ]
    },
    {
        "timestamp": "2024-07-12T15:52:25.549743",
        "attribute_name": "O_F_ext_hat_K",
        "values": [
            -0.556207064139659,
            -0.37238216801266294,
            -0.4908646007685323,
            0.21475951530552193,
            -0.3140284017153858,
            -0.14872166363551997
        ]
    },
    {
        "timestamp": "2024-07-12T15:52:25.549743",
        "attribute_name": "cartesian_contact",
        "values": [
            0.0,
            0.0,
            0.0,
            0.0,
            0.0,
            0.0
        ]
    },
    {
        "timestamp": "2024-07-12T15:52:25.549743",
        "attribute_name": "joint_collision",
        "values": [
            0.0,
            0.0,
            0.0,
            0.0,
            0.0,
            0.0,
            0.0
        ]
    },
    {
        "timestamp": "2024-07-12T15:52:25.549743",
        "attribute_name": "cartesian_collision",
        "values": [
            0.0,
            0.0,
            0.0,
            0.0,
            0.0,
            0.0
        ]
    },
    {
        "timestamp": "2024-07-12T15:52:25.549743",
        "attribute_name": "theta",
        "values": [
            -1.8966395854949951,
            -0.148553267121315,
            0.5166255831718445,
            -2.664390802383423,
            0.1914312243461609,
            2.606506824493408,
            0.9383935928344727
        ]
    },
    {
        "timestamp": "2024-07-12T15:52:25.549743",
        "attribute_name": "control_command_success_rate",
        "values": 0.0
    },
    {
        "timestamp": "2024-07-12T15:52:25.549743",
        "attribute_name": "ddelbow_c",
        "values": [
            0.0,
            0.0
        ]
    },
    {
        "timestamp": "2024-07-12T15:52:25.549743",
        "attribute_name": "O_T_EE_d",
        "values": [
            -0.126573818719674,
            -0.9897826899361154,
            0.06549841233766472,
            0.0,
            -0.9911996098582144,
            0.12363881733233271,
            -0.0470905846936888,
            0.0,
            0.03851204082633615,
            -0.07088380061866423,
            -0.9967408437107632,
            0.0,
            0.07481155764298057,
            -0.4237372764488106,
            0.18437135148031608,
            1.0
        ]
    },
    {
        "timestamp": "2024-07-12T15:52:25.575809",
        "attribute_name": "elbow",
        "values": [
            0.5167667855586149,
            -1.0
        ]
    },
    {
        "timestamp": "2024-07-12T15:52:25.575809",
        "attribute_name": "O_T_EE",
        "values": [
            -0.12627155238674823,
            -0.9898389839507274,
            0.06523057419983506,
            0.0,
            -0.9912368513066364,
            0.12334799655454506,
            -0.047069345214198255,
            0.0,
            0.038545754325611824,
            -0.07060382761126106,
            -0.9967594114680376,
            0.0,
            0.07496862424434812,
            -0.42364142551017636,
            0.1842745150014749,
            1.0
        ]
    },
    {
        "timestamp": "2024-07-12T15:52:25.575809",
        "attribute_name": "tau_J_d",
        "values": [
            0.0,
            0.0,
            0.0,
            0.0,
            0.0,
            0.0,
            0.0
        ]
    },
    {
        "timestamp": "2024-07-12T15:52:25.575809",
        "attribute_name": "q",
        "values": [
            -1.8966344225741267,
            -0.14734944184788182,
            0.5167667855586149,
            -2.665659217150081,
            0.1913886667993146,
            2.606234413458576,
            0.9383978801075783
        ]
    },
    {
        "timestamp": "2024-07-12T15:52:25.575809",
        "attribute_name": "q_d",
        "values": [
            -1.8968010349148197,
            -0.14749490476682045,
            0.5165447285591714,
            -2.6655787099593153,
            0.191374937599488,
            2.6062732215464135,
            0.9383332755686007
        ]
    },
    {
        "timestamp": "2024-07-12T15:52:25.575809",
        "attribute_name": "dq",
        "values": [
            9.398634136269879e-05,
            -0.000629767945784661,
            -0.0001222240065816502,
            0.0021604682761560317,
            0.00013855256617923496,
            7.024851529856327e-05,
            0.0019197758301181002
        ]
    },
    {
        "timestamp": "2024-07-12T15:52:25.575809",
        "attribute_name": "tau_J",
        "values": [
            -0.07357162237167358,
            -17.184865951538086,
            -2.0421247482299805,
            18.034128189086914,
            0.383017897605896,
            2.447093963623047,
            -0.03858545795083046
        ]
    },
    {
        "timestamp": "2024-07-12T15:52:25.575809",
        "attribute_name": "dtau_J",
        "values": [
            79.51541137695312,
            117.59590148925781,
            21.08612823486328,
            -124.15936279296875,
            -2.773756265640259,
            -8.95250129699707,
            84.30717468261719
        ]
    },
    {
        "timestamp": "2024-07-12T15:52:25.575809",
        "attribute_name": "ddq_d",
        "values": [
            0.0,
            0.0,
            0.0,
            0.0,
            0.0,
            0.0,
            0.0
        ]
    },
    {
        "timestamp": "2024-07-12T15:52:25.575809",
        "attribute_name": "delbow_c",
        "values": [
            0.0,
            0.0
        ]
    },
    {
        "timestamp": "2024-07-12T15:52:25.575809",
        "attribute_name": "elbow_c",
        "values": [
            0.5165447285591714,
            -1.0
        ]
    },
    {
        "timestamp": "2024-07-12T15:52:25.575809",
        "attribute_name": "elbow_d",
        "values": [
            0.5165447285591714,
            -1.0
        ]
    },
    {
        "timestamp": "2024-07-12T15:52:25.575809",
        "attribute_name": "F_T_EE",
        "values": [
            0.707099974155426,
            -0.707099974155426,
            0.0,
            0.0,
            0.707099974155426,
            0.707099974155426,
            0.0,
            0.0,
            0.0,
            0.0,
            1.0,
            0.0,
            0.0,
            0.0,
            0.10339999943971634,
            1.0
        ]
    },
    {
        "timestamp": "2024-07-12T15:52:25.575809",
        "attribute_name": "O_ddP_EE_c",
        "values": [
            0.0,
            0.0,
            0.0,
            0.0,
            0.0,
            0.0
        ]
    },
    {
        "timestamp": "2024-07-12T15:52:25.575809",
        "attribute_name": "O_dP_EE_d",
        "values": [
            0.0,
            0.0,
            0.0,
            0.0,
            0.0,
            0.0
        ]
    },
    {
        "timestamp": "2024-07-12T15:52:25.575809",
        "attribute_name": "O_T_EE",
        "values": [
            -0.12627155238674823,
            -0.9898389839507274,
            0.06523057419983506,
            0.0,
            -0.9912368513066364,
            0.12334799655454506,
            -0.047069345214198255,
            0.0,
            0.038545754325611824,
            -0.07060382761126106,
            -0.9967594114680376,
            0.0,
            0.07496862424434812,
            -0.42364142551017636,
            0.1842745150014749,
            1.0
        ]
    },
    {
        "timestamp": "2024-07-12T15:52:25.575809",
        "attribute_name": "O_F_ext_hat_K",
        "values": [
            -0.5594315707187225,
            -0.3479205990506616,
            -0.5523227551964809,
            0.22891898443163003,
            -0.30433031617571155,
            -0.14928211238703595
        ]
    },
    {
        "timestamp": "2024-07-12T15:52:25.575809",
        "attribute_name": "m_ee",
        "values": 0.7300000190734863
    },
    {
        "timestamp": "2024-07-12T15:52:25.575809",
        "attribute_name": "tau_ext_hat_filtered",
        "values": [
            -0.0711969481536078,
            0.15117336416393953,
            -0.2402792912769092,
            0.0011252403368286986,
            -0.0026683117340123258,
            0.08729012941042846,
            -0.08063822036611827
        ]
    },
    {
        "timestamp": "2024-07-12T15:52:25.575809",
        "attribute_name": "joint_contact",
        "values": [
            0.0,
            0.0,
            0.0,
            0.0,
            0.0,
            0.0,
            0.0
        ]
    },
    {
        "timestamp": "2024-07-12T15:52:25.575809",
        "attribute_name": "dq_d",
        "values": [
            0.0,
            0.0,
            0.0,
            0.0,
            0.0,
            0.0,
            0.0
        ]
    },
    {
        "timestamp": "2024-07-12T15:52:25.575809",
        "attribute_name": "EE_T_K",
        "values": [
            1.0,
            0.0,
            0.0,
            0.0,
            0.0,
            1.0,
            0.0,
            0.0,
            0.0,
            0.0,
            1.0,
            0.0,
            0.0,
            0.0,
            0.0,
            1.0
        ]
    },
    {
        "timestamp": "2024-07-12T15:52:25.575809",
        "attribute_name": "K_F_ext_hat_K",
        "values": [
            0.37900463169716053,
            0.5376217011455211,
            0.553533718520914,
            0.2563449103815926,
            0.03328398405674524,
            -0.09896535762468399
        ]
    },
    {
        "timestamp": "2024-07-12T15:52:25.575809",
        "attribute_name": "O_dP_EE_c",
        "values": [
            0.0,
            0.0,
            0.0,
            0.0,
            0.0,
            0.0
        ]
    },
    {
        "timestamp": "2024-07-12T15:52:25.575809",
        "attribute_name": "O_F_ext_hat_K",
        "values": [
            -0.5594315707187225,
            -0.3479205990506616,
            -0.5523227551964809,
            0.22891898443163003,
            -0.30433031617571155,
            -0.14928211238703595
        ]
    },
    {
        "timestamp": "2024-07-12T15:52:25.575809",
        "attribute_name": "cartesian_contact",
        "values": [
            0.0,
            0.0,
            0.0,
            0.0,
            0.0,
            0.0
        ]
    },
    {
        "timestamp": "2024-07-12T15:52:25.575809",
        "attribute_name": "joint_collision",
        "values": [
            0.0,
            0.0,
            0.0,
            0.0,
            0.0,
            0.0,
            0.0
        ]
    },
    {
        "timestamp": "2024-07-12T15:52:25.575809",
        "attribute_name": "cartesian_collision",
        "values": [
            0.0,
            0.0,
            0.0,
            0.0,
            0.0,
            0.0
        ]
    },
    {
        "timestamp": "2024-07-12T15:52:25.575809",
        "attribute_name": "theta",
        "values": [
            -1.8966395854949951,
            -0.14855645596981049,
            0.5166224241256714,
            -2.664393663406372,
            0.1914312243461609,
            2.606506824493408,
            0.9383935928344727
        ]
    },
    {
        "timestamp": "2024-07-12T15:52:25.575809",
        "attribute_name": "control_command_success_rate",
        "values": 0.0
    },
    {
        "timestamp": "2024-07-12T15:52:25.575809",
        "attribute_name": "ddelbow_c",
        "values": [
            0.0,
            0.0
        ]
    },
    {
        "timestamp": "2024-07-12T15:52:25.575809",
        "attribute_name": "O_T_EE_d",
        "values": [
            -0.126573818719674,
            -0.9897826899361154,
            0.06549841233766472,
            0.0,
            -0.9911996098582144,
            0.12363881733233271,
            -0.0470905846936888,
            0.0,
            0.03851204082633615,
            -0.07088380061866423,
            -0.9967408437107632,
            0.0,
            0.07481155764298057,
            -0.4237372764488106,
            0.18437135148031608,
            1.0
        ]
    },
    {
        "timestamp": "2024-07-12T15:52:25.616206",
        "attribute_name": "elbow",
        "values": [
            0.5167696436802871,
            -1.0
        ]
    },
    {
        "timestamp": "2024-07-12T15:52:25.616206",
        "attribute_name": "O_T_EE",
        "values": [
            -0.12626432738153665,
            -0.989840208676713,
            0.0652259750324771,
            0.0,
            -0.9912378325149831,
            0.12334112821599143,
            -0.047066680174116596,
            0.0,
            0.03854418927085776,
            -0.0705986560720357,
            -0.9967598382931941,
            0.0,
            0.07497100199343913,
            -0.42364008235974954,
            0.1842732986398113,
            1.0
        ]
    },
    {
        "timestamp": "2024-07-12T15:52:25.616206",
        "attribute_name": "tau_J_d",
        "values": [
            0.0,
            0.0,
            0.0,
            0.0,
            0.0,
            0.0,
            0.0
        ]
    },
    {
        "timestamp": "2024-07-12T15:52:25.616206",
        "attribute_name": "q",
        "values": [
            -1.896631400095789,
            -0.14734724779324448,
            0.5167696436802871,
            -2.665659243733851,
            0.19138434259538295,
            2.6062316270557195,
            0.9384002241492186
        ]
    },
    {
        "timestamp": "2024-07-12T15:52:25.616206",
        "attribute_name": "q_d",
        "values": [
            -1.8968010349148197,
            -0.14749490476682045,
            0.5165447285591714,
            -2.6655787099593153,
            0.191374937599488,
            2.6062732215464135,
            0.9383332755686007
        ]
    },
    {
        "timestamp": "2024-07-12T15:52:25.616206",
        "attribute_name": "dq",
        "values": [
            -7.038552466514434e-05,
            -0.000390043203474547,
            -0.000736261669721628,
            -0.005046656561472042,
            4.184469342148088e-05,
            0.00019245682255125807,
            -0.0046451876858879405
        ]
    },
    {
        "timestamp": "2024-07-12T15:52:25.616206",
        "attribute_name": "tau_J",
        "values": [
            -0.11324447393417358,
            -17.220571517944336,
            -2.0421247482299805,
            18.034128189086914,
            0.392173171043396,
            2.447093963623047,
            -0.05964258685708046
        ]
    },
    {
        "timestamp": "2024-07-12T15:52:25.616206",
        "attribute_name": "dtau_J",
        "values": [
            14.548215866088867,
            150.98214721679688,
            6.25375509262085,
            -5.400145053863525,
            -5.924655914306641,
            -10.33480167388916,
            86.70587158203125
        ]
    },
    {
        "timestamp": "2024-07-12T15:52:25.616206",
        "attribute_name": "ddq_d",
        "values": [
            0.0,
            0.0,
            0.0,
            0.0,
            0.0,
            0.0,
            0.0
        ]
    },
    {
        "timestamp": "2024-07-12T15:52:25.616206",
        "attribute_name": "delbow_c",
        "values": [
            0.0,
            0.0
        ]
    },
    {
        "timestamp": "2024-07-12T15:52:25.616206",
        "attribute_name": "elbow_c",
        "values": [
            0.5165447285591714,
            -1.0
        ]
    },
    {
        "timestamp": "2024-07-12T15:52:25.616206",
        "attribute_name": "elbow_d",
        "values": [
            0.5165447285591714,
            -1.0
        ]
    },
    {
        "timestamp": "2024-07-12T15:52:25.616206",
        "attribute_name": "F_T_EE",
        "values": [
            0.707099974155426,
            -0.707099974155426,
            0.0,
            0.0,
            0.707099974155426,
            0.707099974155426,
            0.0,
            0.0,
            0.0,
            0.0,
            1.0,
            0.0,
            0.0,
            0.0,
            0.10339999943971634,
            1.0
        ]
    },
    {
        "timestamp": "2024-07-12T15:52:25.616206",
        "attribute_name": "O_ddP_EE_c",
        "values": [
            0.0,
            0.0,
            0.0,
            0.0,
            0.0,
            0.0
        ]
    },
    {
        "timestamp": "2024-07-12T15:52:25.616206",
        "attribute_name": "O_dP_EE_d",
        "values": [
            0.0,
            0.0,
            0.0,
            0.0,
            0.0,
            0.0
        ]
    },
    {
        "timestamp": "2024-07-12T15:52:25.616206",
        "attribute_name": "O_T_EE",
        "values": [
            -0.12626432738153665,
            -0.989840208676713,
            0.0652259750324771,
            0.0,
            -0.9912378325149831,
            0.12334112821599143,
            -0.047066680174116596,
            0.0,
            0.03854418927085776,
            -0.0705986560720357,
            -0.9967598382931941,
            0.0,
            0.07497100199343913,
            -0.42364008235974954,
            0.1842732986398113,
            1.0
        ]
    },
    {
        "timestamp": "2024-07-12T15:52:25.616206",
        "attribute_name": "O_F_ext_hat_K",
        "values": [
            -0.5817517033605818,
            -0.3432752529745783,
            -0.5415950919263257,
            0.22263267348402935,
            -0.3131560971341312,
            -0.15716237702007743
        ]
    },
    {
        "timestamp": "2024-07-12T15:52:25.616206",
        "attribute_name": "m_ee",
        "values": 0.7300000190734863
    },
    {
        "timestamp": "2024-07-12T15:52:25.616206",
        "attribute_name": "tau_ext_hat_filtered",
        "values": [
            -0.07811077022351247,
            0.1472071658342855,
            -0.2495014154215421,
            0.002247339506914196,
            -0.0024963710971842726,
            0.08838357016763425,
            -0.08139378593588915
        ]
    },
    {
        "timestamp": "2024-07-12T15:52:25.616206",
        "attribute_name": "joint_contact",
        "values": [
            0.0,
            0.0,
            0.0,
            0.0,
            0.0,
            0.0,
            0.0
        ]
    },
    {
        "timestamp": "2024-07-12T15:52:25.616206",
        "attribute_name": "dq_d",
        "values": [
            0.0,
            0.0,
            0.0,
            0.0,
            0.0,
            0.0,
            0.0
        ]
    },
    {
        "timestamp": "2024-07-12T15:52:25.616206",
        "attribute_name": "EE_T_K",
        "values": [
            1.0,
            0.0,
            0.0,
            0.0,
            0.0,
            1.0,
            0.0,
            0.0,
            0.0,
            0.0,
            1.0,
            0.0,
            0.0,
            0.0,
            0.0,
            1.0
        ]
    },
    {
        "timestamp": "2024-07-12T15:52:25.616206",
        "attribute_name": "K_F_ext_hat_K",
        "values": [
            0.37792334381757087,
            0.5598162016827322,
            0.5416518600086913,
            0.26040679490189633,
            0.033622750759707457,
            -0.09994783858164231
        ]
    },
    {
        "timestamp": "2024-07-12T15:52:25.616206",
        "attribute_name": "O_dP_EE_c",
        "values": [
            0.0,
            0.0,
            0.0,
            0.0,
            0.0,
            0.0
        ]
    },
    {
        "timestamp": "2024-07-12T15:52:25.616206",
        "attribute_name": "O_F_ext_hat_K",
        "values": [
            -0.5817517033605818,
            -0.3432752529745783,
            -0.5415950919263257,
            0.22263267348402935,
            -0.3131560971341312,
            -0.15716237702007743
        ]
    },
    {
        "timestamp": "2024-07-12T15:52:25.616206",
        "attribute_name": "cartesian_contact",
        "values": [
            0.0,
            0.0,
            0.0,
            0.0,
            0.0,
            0.0
        ]
    },
    {
        "timestamp": "2024-07-12T15:52:25.616206",
        "attribute_name": "joint_collision",
        "values": [
            0.0,
            0.0,
            0.0,
            0.0,
            0.0,
            0.0,
            0.0
        ]
    },
    {
        "timestamp": "2024-07-12T15:52:25.616206",
        "attribute_name": "cartesian_collision",
        "values": [
            0.0,
            0.0,
            0.0,
            0.0,
            0.0,
            0.0
        ]
    },
    {
        "timestamp": "2024-07-12T15:52:25.616206",
        "attribute_name": "theta",
        "values": [
            -1.8966395854949951,
            -0.14855645596981049,
            0.5166255831718445,
            -2.664393663406372,
            0.19142644107341766,
            2.606502056121826,
            0.9383935928344727
        ]
    },
    {
        "timestamp": "2024-07-12T15:52:25.616206",
        "attribute_name": "control_command_success_rate",
        "values": 0.0
    },
    {
        "timestamp": "2024-07-12T15:52:25.616206",
        "attribute_name": "ddelbow_c",
        "values": [
            0.0,
            0.0
        ]
    },
    {
        "timestamp": "2024-07-12T15:52:25.616206",
        "attribute_name": "O_T_EE_d",
        "values": [
            -0.126573818719674,
            -0.9897826899361154,
            0.06549841233766472,
            0.0,
            -0.9911996098582144,
            0.12363881733233271,
            -0.0470905846936888,
            0.0,
            0.03851204082633615,
            -0.07088380061866423,
            -0.9967408437107632,
            0.0,
            0.07481155764298057,
            -0.4237372764488106,
            0.18437135148031608,
            1.0
        ]
    },
    {
        "timestamp": "2024-07-12T15:52:25.671656",
        "attribute_name": "elbow",
        "values": [
            0.5167696064090531,
            -1.0
        ]
    },
    {
        "timestamp": "2024-07-12T15:52:25.671656",
        "attribute_name": "O_T_EE",
        "values": [
            -0.12626999729345048,
            -0.9898400338289035,
            0.06521765186140542,
            0.0,
            -0.9912369779834471,
            0.12334693084757052,
            -0.047069470253404536,
            0.0,
            0.0385475909943264,
            -0.07059096911867985,
            -0.996760251167461,
            0.0,
            0.0749699802347265,
            -0.4236387617846465,
            0.18427082097850978,
            1.0
        ]
    },
    {
        "timestamp": "2024-07-12T15:52:25.671656",
        "attribute_name": "tau_J_d",
        "values": [
            0.0,
