[
    {
        "timestamp": "2024-07-12T15:47:47.492782",
        "attribute_name": "elbow",
        "values": [
            0.5167091068265132,
            -1.0
        ]
    },
    {
        "timestamp": "2024-07-12T15:47:47.492782",
        "attribute_name": "O_T_EE",
        "values": [
            -0.12631680964746175,
            -0.9898177809503351,
            0.06546427282304379,
            0.0,
            -0.991233654680249,
            0.12338669688575413,
            -0.04703521831636679,
            0.0,
            0.03847961588460363,
            -0.07083309287670074,
            -0.9967457008258899,
            0.0,
            0.0748962526495536,
            -0.42370781179972344,
            0.18435939916740188,
            1.0
        ]
    },
    {
        "timestamp": "2024-07-12T15:47:47.492782",
        "attribute_name": "tau_J_d",
        "values": [
            0.0,
            0.0,
            0.0,
            0.0,
            0.0,
            0.0,
            0.0
        ]
    },
    {
        "timestamp": "2024-07-12T15:47:47.492782",
        "attribute_name": "q",
        "values": [
            -1.896747273997987,
            -0.1475014119857644,
            0.5167091068265132,
            -2.665596485715982,
            0.19133788498144674,
            2.6062491125412914,
            0.9383232942937726
        ]
    },
    {
        "timestamp": "2024-07-12T15:47:47.492782",
        "attribute_name": "q_d",
        "values": [
            -1.8968010349148197,
            -0.14749490476682045,
            0.5165447285591714,
            -2.6655787099593153,
            0.191374937599488,
            2.6062732215464135,
            0.9383332755686007
        ]
    },
    {
        "timestamp": "2024-07-12T15:47:47.492782",
        "attribute_name": "dq",
        "values": [
            -0.0010980840203442877,
            0.0006190339967535395,
            0.0006302300020958823,
            -0.00045589689347011654,
            -0.00033553756607074015,
            -0.0005288872761078243,
            -0.0006189122277349993
        ]
    },
    {
        "timestamp": "2024-07-12T15:47:47.492782",
        "attribute_name": "tau_J",
        "values": [
            -0.07357162237167358,
            -17.220571517944336,
            -2.0421247482299805,
            18.109506607055664,
            0.419638991355896,
            2.447093963623047,
            -0.02851465716958046
        ]
    },
    {
        "timestamp": "2024-07-12T15:47:47.492782",
        "attribute_name": "dtau_J",
        "values": [
            25.260427474975586,
            -11.089591979980469,
            40.170509338378906,
            90.26001739501953,
            11.300250053405762,
            7.172408103942871,
            12.47807502746582
        ]
    },
    {
        "timestamp": "2024-07-12T15:47:47.492782",
        "attribute_name": "ddq_d",
        "values": [
            0.0,
            0.0,
            0.0,
            0.0,
            0.0,
            0.0,
            0.0
        ]
    },
    {
        "timestamp": "2024-07-12T15:47:47.492782",
        "attribute_name": "delbow_c",
        "values": [
            0.0,
            0.0
        ]
    },
    {
        "timestamp": "2024-07-12T15:47:47.492782",
        "attribute_name": "elbow_c",
        "values": [
            0.5165447285591714,
            -1.0
        ]
    },
    {
        "timestamp": "2024-07-12T15:47:47.492782",
        "attribute_name": "elbow_d",
        "values": [
            0.5165447285591714,
            -1.0
        ]
    },
    {
        "timestamp": "2024-07-12T15:47:47.492782",
        "attribute_name": "F_T_EE",
        "values": [
            0.707099974155426,
            -0.707099974155426,
            0.0,
            0.0,
            0.707099974155426,
            0.707099974155426,
            0.0,
            0.0,
            0.0,
            0.0,
            1.0,
            0.0,
            0.0,
            0.0,
            0.10339999943971634,
            1.0
        ]
    },
    {
        "timestamp": "2024-07-12T15:47:47.492782",
        "attribute_name": "O_ddP_EE_c",
        "values": [
            0.0,
            0.0,
            0.0,
            0.0,
            0.0,
            0.0
        ]
    },
    {
        "timestamp": "2024-07-12T15:47:47.492782",
        "attribute_name": "O_dP_EE_d",
        "values": [
            0.0,
            0.0,
            0.0,
            0.0,
            0.0,
            0.0
        ]
    },
    {
        "timestamp": "2024-07-12T15:47:47.492782",
        "attribute_name": "O_T_EE",
        "values": [
            -0.12631680964746175,
            -0.9898177809503351,
            0.06546427282304379,
            0.0,
            -0.991233654680249,
            0.12338669688575413,
            -0.04703521831636679,
            0.0,
            0.03847961588460363,
            -0.07083309287670074,
            -0.9967457008258899,
            0.0,
            0.0748962526495536,
            -0.42370781179972344,
            0.18435939916740188,
            1.0
        ]
    },
    {
        "timestamp": "2024-07-12T15:47:47.492782",
        "attribute_name": "O_F_ext_hat_K",
        "values": [
            -0.6561050498134591,
            -0.45379304409642146,
            -0.5920273319416147,
            0.3006055241454544,
            -0.31309897538895776,
            -0.2439897667107532
        ]
    },
    {
        "timestamp": "2024-07-12T15:47:47.492782",
        "attribute_name": "m_ee",
        "values": 0.7300000190734863
    },
    {
        "timestamp": "2024-07-12T15:47:47.492782",
        "attribute_name": "tau_ext_hat_filtered",
        "values": [
            -0.16195163383362488,
            0.17852911472252353,
            -0.3331522330939743,
            -0.015953013153995683,
            0.028594015926955745,
            0.0708919175425427,
            -0.03304810139757955
        ]
    },
    {
        "timestamp": "2024-07-12T15:47:47.492782",
        "attribute_name": "joint_contact",
        "values": [
            0.0,
            0.0,
            0.0,
            0.0,
            0.0,
            0.0,
            0.0
        ]
    },
    {
        "timestamp": "2024-07-12T15:47:47.492782",
        "attribute_name": "dq_d",
        "values": [
            0.0,
            0.0,
            0.0,
            0.0,
            0.0,
            0.0,
            0.0
        ]
    },
    {
        "timestamp": "2024-07-12T15:47:47.492782",
        "attribute_name": "EE_T_K",
        "values": [
            1.0,
            0.0,
            0.0,
            0.0,
            0.0,
            1.0,
            0.0,
            0.0,
            0.0,
            0.0,
            1.0,
            0.0,
            0.0,
            0.0,
            0.0,
            1.0
        ]
    },
    {
        "timestamp": "2024-07-12T15:47:47.492782",
        "attribute_name": "K_F_ext_hat_K",
        "values": [
            0.49330237942676314,
            0.6222194960605307,
            0.5969975924267383,
            0.2428093089180484,
            0.0012233909191793249,
            -0.05232708877836398
        ]
    },
    {
        "timestamp": "2024-07-12T15:47:47.492782",
        "attribute_name": "O_dP_EE_c",
        "values": [
            0.0,
            0.0,
            0.0,
            0.0,
            0.0,
            0.0
        ]
    },
    {
        "timestamp": "2024-07-12T15:47:47.492782",
        "attribute_name": "O_F_ext_hat_K",
        "values": [
            -0.6561050498134591,
            -0.45379304409642146,
            -0.5920273319416147,
            0.3006055241454544,
            -0.31309897538895776,
            -0.2439897667107532
        ]
    },
    {
        "timestamp": "2024-07-12T15:47:47.492782",
        "attribute_name": "cartesian_contact",
        "values": [
            0.0,
            0.0,
            0.0,
            0.0,
            0.0,
            0.0
        ]
    },
    {
        "timestamp": "2024-07-12T15:47:47.492782",
        "attribute_name": "joint_collision",
        "values": [
            0.0,
            0.0,
            0.0,
            0.0,
            0.0,
            0.0,
            0.0
        ]
    },
    {
        "timestamp": "2024-07-12T15:47:47.492782",
        "attribute_name": "cartesian_collision",
        "values": [
            0.0,
            0.0,
            0.0,
            0.0,
            0.0,
            0.0
        ]
    },
    {
        "timestamp": "2024-07-12T15:47:47.492782",
        "attribute_name": "theta",
        "values": [
            -1.8967514038085938,
            -0.14870986342430115,
            0.5165648460388184,
            -2.6643266677856445,
            0.19138328731060028,
            2.6065211296081543,
            0.9383217096328735
        ]
    },
    {
        "timestamp": "2024-07-12T15:47:47.492782",
        "attribute_name": "control_command_success_rate",
        "values": 0.0
    },
    {
        "timestamp": "2024-07-12T15:47:47.492782",
        "attribute_name": "ddelbow_c",
        "values": [
            0.0,
            0.0
        ]
    },
    {
        "timestamp": "2024-07-12T15:47:47.492782",
        "attribute_name": "O_T_EE_d",
        "values": [
            -0.126573818719674,
            -0.9897826899361154,
            0.06549841233766472,
            0.0,
            -0.9911996098582144,
            0.12363881733233271,
            -0.0470905846936888,
            0.0,
            0.03851204082633615,
            -0.07088380061866423,
            -0.9967408437107632,
            0.0,
            0.07481155764298057,
            -0.4237372764488106,
            0.18437135148031608,
            1.0
        ]
    },
    {
        "timestamp": "2024-07-12T15:47:47.513579",
        "attribute_name": "elbow",
        "values": [
            0.5167081619780448,
            -1.0
        ]
    },
    {
        "timestamp": "2024-07-12T15:47:47.513579",
        "attribute_name": "O_T_EE",
        "values": [
            -0.1263009631911334,
            -0.989819500868184,
            0.0654688422019155,
            0.0,
            -0.9912357142879453,
            0.12337076596592407,
            -0.04703360209739653,
            0.0,
            0.038478576174553726,
            -0.0708368076389258,
            -0.9967454769694742,
            0.0,
            0.07489850847026965,
            -0.42370871391349907,
            0.1843612323616612,
            1.0
        ]
    },
    {
        "timestamp": "2024-07-12T15:47:47.513579",
        "attribute_name": "tau_J_d",
        "values": [
            0.0,
            0.0,
            0.0,
            0.0,
            0.0,
            0.0,
            0.0
        ]
    },
    {
        "timestamp": "2024-07-12T15:47:47.513579",
        "attribute_name": "q",
        "values": [
            -1.8967412541561708,
            -0.14750398677594304,
            0.5167081619780448,
            -2.6655940825175026,
            0.19133564984215462,
            2.606248170640733,
            0.938314528233707
        ]
    },
    {
        "timestamp": "2024-07-12T15:47:47.513579",
        "attribute_name": "q_d",
        "values": [
            -1.8968010349148197,
            -0.14749490476682045,
            0.5165447285591714,
            -2.6655787099593153,
            0.191374937599488,
            2.6062732215464135,
            0.9383332755686007
        ]
    },
    {
        "timestamp": "2024-07-12T15:47:47.513579",
        "attribute_name": "dq",
        "values": [
            0.0013745460501498209,
            -0.0007787632449360971,
            -0.00035160464506856664,
            -0.00037686148078921083,
            -0.0006548698383222646,
            -0.0009331523104601769,
            -0.0024296915713170526
        ]
    },
    {
        "timestamp": "2024-07-12T15:47:47.513579",
        "attribute_name": "tau_J",
        "values": [
            -0.18862289190292358,
            -17.184865951538086,
            -2.0421247482299805,
            18.073801040649414,
            0.428794264793396,
            2.447093963623047,
            0.02183934673666954
        ]
    },
    {
        "timestamp": "2024-07-12T15:47:47.513579",
        "attribute_name": "dtau_J",
        "values": [
            -65.97785186767578,
            80.62519836425781,
            82.824462890625,
            34.07172393798828,
            18.722618103027344,
            5.575613975524902,
            93.52503204345703
        ]
    },
    {
        "timestamp": "2024-07-12T15:47:47.513579",
        "attribute_name": "ddq_d",
        "values": [
            0.0,
            0.0,
            0.0,
            0.0,
            0.0,
            0.0,
            0.0
        ]
    },
    {
        "timestamp": "2024-07-12T15:47:47.513579",
        "attribute_name": "delbow_c",
        "values": [
            0.0,
            0.0
        ]
    },
    {
        "timestamp": "2024-07-12T15:47:47.513579",
        "attribute_name": "elbow_c",
        "values": [
            0.5165447285591714,
            -1.0
        ]
    },
    {
        "timestamp": "2024-07-12T15:47:47.513579",
        "attribute_name": "elbow_d",
        "values": [
            0.5165447285591714,
            -1.0
        ]
    },
    {
        "timestamp": "2024-07-12T15:47:47.513579",
        "attribute_name": "F_T_EE",
        "values": [
            0.707099974155426,
            -0.707099974155426,
            0.0,
            0.0,
            0.707099974155426,
            0.707099974155426,
            0.0,
            0.0,
            0.0,
            0.0,
            1.0,
            0.0,
            0.0,
            0.0,
            0.10339999943971634,
            1.0
        ]
    },
    {
        "timestamp": "2024-07-12T15:47:47.513579",
        "attribute_name": "O_ddP_EE_c",
        "values": [
            0.0,
            0.0,
            0.0,
            0.0,
            0.0,
            0.0
        ]
    },
    {
        "timestamp": "2024-07-12T15:47:47.513579",
        "attribute_name": "O_dP_EE_d",
        "values": [
            0.0,
            0.0,
            0.0,
            0.0,
            0.0,
            0.0
        ]
    },
    {
        "timestamp": "2024-07-12T15:47:47.513579",
        "attribute_name": "O_T_EE",
        "values": [
            -0.1263009631911334,
            -0.989819500868184,
            0.0654688422019155,
            0.0,
            -0.9912357142879453,
            0.12337076596592407,
            -0.04703360209739653,
            0.0,
            0.038478576174553726,
            -0.0708368076389258,
            -0.9967454769694742,
            0.0,
            0.07489850847026965,
            -0.42370871391349907,
            0.1843612323616612,
            1.0
        ]
    },
    {
        "timestamp": "2024-07-12T15:47:47.513579",
        "attribute_name": "O_F_ext_hat_K",
        "values": [
            -0.4777559216141989,
            -0.38136696721315017,
            -0.5766632871994033,
            0.2702162851820906,
            -0.25625111764630415,
            -0.16498067432042487
        ]
    },
    {
        "timestamp": "2024-07-12T15:47:47.513579",
        "attribute_name": "m_ee",
        "values": 0.7300000190734863
    },
    {
        "timestamp": "2024-07-12T15:47:47.513579",
        "attribute_name": "tau_ext_hat_filtered",
        "values": [
            -0.08782345698253775,
            0.17300195383662206,
            -0.2505264203055091,
            -0.017115838237046696,
            0.022749157637740988,
            0.06781779754448414,
            -0.03440603309172423
        ]
    },
    {
        "timestamp": "2024-07-12T15:47:47.513579",
        "attribute_name": "joint_contact",
        "values": [
            0.0,
            0.0,
            0.0,
            0.0,
            0.0,
            0.0,
            0.0
        ]
    },
    {
        "timestamp": "2024-07-12T15:47:47.513579",
        "attribute_name": "dq_d",
        "values": [
            0.0,
            0.0,
            0.0,
            0.0,
            0.0,
            0.0,
            0.0
        ]
    },
    {
        "timestamp": "2024-07-12T15:47:47.513579",
        "attribute_name": "EE_T_K",
        "values": [
            1.0,
            0.0,
            0.0,
            0.0,
            0.0,
            1.0,
            0.0,
            0.0,
            0.0,
            0.0,
            1.0,
            0.0,
            0.0,
            0.0,
            0.0,
            1.0
        ]
    },
    {
        "timestamp": "2024-07-12T15:47:47.513579",
        "attribute_name": "K_F_ext_hat_K",
        "values": [
            0.40007971922573754,
            0.45365048312924033,
            0.5834179741239967,
            0.21914693632272186,
            0.014855625635797457,
            -0.05253500713564333
        ]
    },
    {
        "timestamp": "2024-07-12T15:47:47.513579",
        "attribute_name": "O_dP_EE_c",
        "values": [
            0.0,
            0.0,
            0.0,
            0.0,
            0.0,
            0.0
        ]
    },
    {
        "timestamp": "2024-07-12T15:47:47.513579",
        "attribute_name": "O_F_ext_hat_K",
        "values": [
            -0.4777559216141989,
            -0.38136696721315017,
            -0.5766632871994033,
            0.2702162851820906,
            -0.25625111764630415,
            -0.16498067432042487
        ]
    },
    {
        "timestamp": "2024-07-12T15:47:47.513579",
        "attribute_name": "cartesian_contact",
        "values": [
            0.0,
            0.0,
            0.0,
            0.0,
            0.0,
            0.0
        ]
    },
    {
        "timestamp": "2024-07-12T15:47:47.513579",
        "attribute_name": "joint_collision",
        "values": [
            0.0,
            0.0,
            0.0,
            0.0,
            0.0,
            0.0,
            0.0
        ]
    },
    {
        "timestamp": "2024-07-12T15:47:47.513579",
        "attribute_name": "cartesian_collision",
        "values": [
            0.0,
            0.0,
            0.0,
            0.0,
            0.0,
            0.0
        ]
    },
    {
        "timestamp": "2024-07-12T15:47:47.513579",
        "attribute_name": "theta",
        "values": [
            -1.896754503250122,
            -0.14870986342430115,
            0.5165648460388184,
            -2.6643266677856445,
            0.19138328731060028,
            2.6065211296081543,
            0.9383169412612915
        ]
    },
    {
        "timestamp": "2024-07-12T15:47:47.513579",
        "attribute_name": "control_command_success_rate",
        "values": 0.0
    },
    {
        "timestamp": "2024-07-12T15:47:47.513579",
        "attribute_name": "ddelbow_c",
        "values": [
            0.0,
            0.0
        ]
    },
    {
        "timestamp": "2024-07-12T15:47:47.513579",
        "attribute_name": "O_T_EE_d",
        "values": [
            -0.126573818719674,
            -0.9897826899361154,
            0.06549841233766472,
            0.0,
            -0.9911996098582144,
            0.12363881733233271,
            -0.0470905846936888,
            0.0,
            0.03851204082633615,
            -0.07088380061866423,
            -0.9967408437107632,
            0.0,
            0.07481155764298057,
            -0.4237372764488106,
            0.18437135148031608,
            1.0
        ]
    },
    {
        "timestamp": "2024-07-12T15:47:47.540348",
        "attribute_name": "elbow",
        "values": [
            0.5167106596857364,
            -1.0
        ]
    },
    {
        "timestamp": "2024-07-12T15:47:47.540348",
        "attribute_name": "O_T_EE",
        "values": [
            -0.12630106247291875,
            -0.9898187989862041,
            0.06547926154844178,
            0.0,
            -0.9912356859686117,
            0.12337034092518302,
            -0.047035313792389746,
            0.0,
            0.03847897982676196,
            -0.07084735487453618,
            -0.9967447117586193,
            0.0,
            0.07490034834454161,
            -0.42371246413756936,
            0.18436514118287606,
            1.0
        ]
    },
    {
        "timestamp": "2024-07-12T15:47:47.540348",
        "attribute_name": "tau_J_d",
        "values": [
            0.0,
            0.0,
            0.0,
            0.0,
            0.0,
            0.0,
            0.0
        ]
    },
    {
        "timestamp": "2024-07-12T15:47:47.540348",
        "attribute_name": "q",
        "values": [
            -1.8967409628662761,
            -0.1475066929507676,
            0.5167106596857364,
            -2.6655867204595993,
            0.19133564789341123,
            2.6062492171969103,
            0.9383178720859551
        ]
    },
    {
        "timestamp": "2024-07-12T15:47:47.540348",
        "attribute_name": "q_d",
        "values": [
            -1.8968010349148197,
            -0.14749490476682045,
            0.5165447285591714,
            -2.6655787099593153,
            0.191374937599488,
            2.6062732215464135,
            0.9383332755686007
        ]
    },
    {
        "timestamp": "2024-07-12T15:47:47.540348",
        "attribute_name": "dq",
        "values": [
            0.000371263608290268,
            -0.0009338887328723938,
            -8.172427606002833e-05,
            0.001182418089700278,
            -0.00019942304355375078,
            -0.009830648553484011,
            -0.0006069181812750428
        ]
    },
    {
        "timestamp": "2024-07-12T15:47:47.540348",
        "attribute_name": "tau_J",
        "values": [
            -0.14895004034042358,
            -17.145193099975586,
            -2.0778303146362305,
            17.998422622680664,
            0.428794264793396,
            2.447093963623047,
            -0.008373054675757885
        ]
    },
    {
        "timestamp": "2024-07-12T15:47:47.540348",
        "attribute_name": "dtau_J",
        "values": [
            -44.63405227661133,
            204.23468017578125,
            -58.50354766845703,
            -171.5865478515625,
            18.4152889251709,
            34.519126892089844,
            37.20260238647461
        ]
    },
    {
        "timestamp": "2024-07-12T15:47:47.540348",
        "attribute_name": "ddq_d",
        "values": [
            0.0,
            0.0,
            0.0,
            0.0,
            0.0,
            0.0,
            0.0
        ]
    },
    {
        "timestamp": "2024-07-12T15:47:47.540348",
        "attribute_name": "delbow_c",
        "values": [
            0.0,
            0.0
        ]
    },
    {
        "timestamp": "2024-07-12T15:47:47.540348",
        "attribute_name": "elbow_c",
        "values": [
            0.5165447285591714,
            -1.0
        ]
    },
    {
        "timestamp": "2024-07-12T15:47:47.540348",
        "attribute_name": "elbow_d",
        "values": [
            0.5165447285591714,
            -1.0
        ]
    },
    {
        "timestamp": "2024-07-12T15:47:47.540348",
        "attribute_name": "F_T_EE",
        "values": [
            0.707099974155426,
            -0.707099974155426,
            0.0,
            0.0,
            0.707099974155426,
            0.707099974155426,
            0.0,
            0.0,
            0.0,
            0.0,
            1.0,
            0.0,
            0.0,
            0.0,
            0.10339999943971634,
            1.0
        ]
    },
    {
        "timestamp": "2024-07-12T15:47:47.540348",
        "attribute_name": "O_ddP_EE_c",
        "values": [
            0.0,
            0.0,
            0.0,
            0.0,
            0.0,
            0.0
        ]
    },
    {
        "timestamp": "2024-07-12T15:47:47.540348",
        "attribute_name": "O_dP_EE_d",
        "values": [
            0.0,
            0.0,
            0.0,
            0.0,
            0.0,
            0.0
        ]
    },
    {
        "timestamp": "2024-07-12T15:47:47.540348",
        "attribute_name": "O_T_EE",
        "values": [
            -0.12630106247291875,
            -0.9898187989862041,
            0.06547926154844178,
            0.0,
            -0.9912356859686117,
            0.12337034092518302,
            -0.047035313792389746,
            0.0,
            0.03847897982676196,
            -0.07084735487453618,
            -0.9967447117586193,
            0.0,
            0.07490034834454161,
            -0.42371246413756936,
            0.18436514118287606,
            1.0
        ]
    },
    {
        "timestamp": "2024-07-12T15:47:47.540348",
        "attribute_name": "O_F_ext_hat_K",
        "values": [
            -0.5052135714848196,
            -0.41319466763030505,
            -0.5857875267491333,
            0.28482634369007787,
            -0.25855350656819603,
            -0.1801644178192692
        ]
    },
    {
        "timestamp": "2024-07-12T15:47:47.540348",
        "attribute_name": "m_ee",
        "values": 0.7300000190734863
    },
    {
        "timestamp": "2024-07-12T15:47:47.540348",
        "attribute_name": "tau_ext_hat_filtered",
        "values": [
            -0.1070998514125068,
            0.1742855624549885,
            -0.26013985196389317,
            -0.014403922641622845,
            0.023181571039695426,
            0.06828424030997243,
            -0.03416464674216371
        ]
    },
    {
        "timestamp": "2024-07-12T15:47:47.540348",
        "attribute_name": "joint_contact",
        "values": [
            0.0,
            0.0,
            0.0,
            0.0,
            0.0,
            0.0,
            0.0
        ]
    },
    {
        "timestamp": "2024-07-12T15:47:47.540348",
        "attribute_name": "dq_d",
        "values": [
            0.0,
            0.0,
            0.0,
            0.0,
            0.0,
            0.0,
            0.0
        ]
    },
    {
        "timestamp": "2024-07-12T15:47:47.540348",
        "attribute_name": "EE_T_K",
        "values": [
            1.0,
            0.0,
            0.0,
            0.0,
            0.0,
            1.0,
            0.0,
            0.0,
            0.0,
            0.0,
            1.0,
            0.0,
            0.0,
            0.0,
            0.0,
            1.0
        ]
    },
    {
        "timestamp": "2024-07-12T15:47:47.540348",
        "attribute_name": "K_F_ext_hat_K",
        "values": [
            0.4344482903156348,
            0.4773716450971455,
            0.593714265925859,
            0.21639974833529713,
            0.010336682712545363,
            -0.0513330168818859
        ]
    },
    {
        "timestamp": "2024-07-12T15:47:47.540348",
        "attribute_name": "O_dP_EE_c",
        "values": [
            0.0,
            0.0,
            0.0,
            0.0,
            0.0,
            0.0
        ]
    },
    {
        "timestamp": "2024-07-12T15:47:47.540348",
        "attribute_name": "O_F_ext_hat_K",
        "values": [
            -0.5052135714848196,
            -0.41319466763030505,
            -0.5857875267491333,
            0.28482634369007787,
            -0.25855350656819603,
            -0.1801644178192692
        ]
    },
    {
        "timestamp": "2024-07-12T15:47:47.540348",
        "attribute_name": "cartesian_contact",
        "values": [
            0.0,
            0.0,
            0.0,
            0.0,
            0.0,
            0.0
        ]
    },
    {
        "timestamp": "2024-07-12T15:47:47.540348",
        "attribute_name": "joint_collision",
        "values": [
            0.0,
            0.0,
            0.0,
            0.0,
            0.0,
            0.0,
            0.0
        ]
    },
    {
        "timestamp": "2024-07-12T15:47:47.540348",
        "attribute_name": "cartesian_collision",
        "values": [
            0.0,
            0.0,
            0.0,
            0.0,
            0.0,
            0.0
        ]
    },
    {
        "timestamp": "2024-07-12T15:47:47.540348",
        "attribute_name": "theta",
        "values": [
            -1.8967514038085938,
            -0.14870986342430115,
            0.5165648460388184,
            -2.664323568344116,
            0.19138328731060028,
            2.6065211296081543,
            0.9383169412612915
        ]
    },
    {
        "timestamp": "2024-07-12T15:47:47.540348",
        "attribute_name": "control_command_success_rate",
        "values": 0.0
    },
    {
        "timestamp": "2024-07-12T15:47:47.540348",
        "attribute_name": "ddelbow_c",
        "values": [
            0.0,
            0.0
        ]
    },
    {
        "timestamp": "2024-07-12T15:47:47.540348",
        "attribute_name": "O_T_EE_d",
        "values": [
            -0.126573818719674,
            -0.9897826899361154,
            0.06549841233766472,
            0.0,
            -0.9911996098582144,
            0.12363881733233271,
            -0.0470905846936888,
            0.0,
            0.03851204082633615,
            -0.07088380061866423,
            -0.9967408437107632,
            0.0,
            0.07481155764298057,
            -0.4237372764488106,
            0.18437135148031608,
            1.0
        ]
    },
    {
        "timestamp": "2024-07-12T15:47:47.581636",
        "attribute_name": "elbow",
        "values": [
            0.5167114534251116,
            -1.0
        ]
    },
    {
        "timestamp": "2024-07-12T15:47:47.581636",
        "attribute_name": "O_T_EE",
        "values": [
            -0.12631358176862473,
            -0.989817577041416,
            0.06547358354213947,
            0.0,
            -0.9912341119863295,
            0.1233831230897631,
            -0.04703495585729142,
            0.0,
            0.038478431654652444,
            -0.07084216711486105,
            -0.9967451016462878,
            0.0,
            0.07490008698214265,
            -0.42370997842118974,
            0.18436308159013542,
            1.0
        ]
    },
    {
        "timestamp": "2024-07-12T15:47:47.581636",
        "attribute_name": "tau_J_d",
        "values": [
            0.0,
            0.0,
            0.0,
            0.0,
            0.0,
            0.0,
            0.0
        ]
    },
    {
        "timestamp": "2024-07-12T15:47:47.581636",
        "attribute_name": "q",
        "values": [
            -1.8967409606267458,
            -0.14750672700891346,
            0.5167114534251116,
            -2.6655920076190287,
            0.19133666124355106,
            2.6062492302788405,
            0.9383301084243026
        ]
    },
    {
        "timestamp": "2024-07-12T15:47:47.581636",
        "attribute_name": "q_d",
        "values": [
            -1.8968010349148197,
            -0.14749490476682045,
            0.5165447285591714,
            -2.6655787099593153,
            0.191374937599488,
            2.6062732215464135,
            0.9383332755686007
        ]
    },
    {
        "timestamp": "2024-07-12T15:47:47.581636",
        "attribute_name": "dq",
        "values": [
            -3.1723818051039324e-05,
            -0.0009525446159896004,
            -0.00039611843304677654,
            -0.0005770350476251351,
            -0.00017187229313214212,
            -0.0007466187338524765,
            0.0020093539071754465
        ]
    },
    {
        "timestamp": "2024-07-12T15:47:47.581636",
        "attribute_name": "tau_J",
        "values": [
            -0.14895004034042358,
            -17.145193099975586,
            -2.0778303146362305,
            18.073801040649414,
            0.419638991355896,
            2.447093963623047,
            -0.08985498547554016
        ]
    },
    {
        "timestamp": "2024-07-12T15:47:47.581636",
        "attribute_name": "dtau_J",
        "values": [
            76.80601501464844,
            77.83549499511719,
            39.355201721191406,
            -45.77581787109375,
            -12.28924560546875,
            2.8948588371276855,
            -100.70354461669922
        ]
    },
    {
        "timestamp": "2024-07-12T15:47:47.581636",
        "attribute_name": "ddq_d",
        "values": [
            0.0,
            0.0,
            0.0,
            0.0,
            0.0,
            0.0,
            0.0
        ]
    },
    {
        "timestamp": "2024-07-12T15:47:47.581636",
        "attribute_name": "delbow_c",
        "values": [
            0.0,
            0.0
        ]
    },
    {
        "timestamp": "2024-07-12T15:47:47.581636",
        "attribute_name": "elbow_c",
        "values": [
            0.5165447285591714,
            -1.0
        ]
    },
    {
        "timestamp": "2024-07-12T15:47:47.581636",
        "attribute_name": "elbow_d",
        "values": [
            0.5165447285591714,
            -1.0
        ]
    },
    {
        "timestamp": "2024-07-12T15:47:47.581636",
        "attribute_name": "F_T_EE",
        "values": [
            0.707099974155426,
            -0.707099974155426,
            0.0,
            0.0,
            0.707099974155426,
            0.707099974155426,
            0.0,
            0.0,
            0.0,
            0.0,
            1.0,
            0.0,
            0.0,
            0.0,
            0.10339999943971634,
            1.0
        ]
    },
    {
        "timestamp": "2024-07-12T15:47:47.581636",
        "attribute_name": "O_ddP_EE_c",
        "values": [
            0.0,
            0.0,
            0.0,
            0.0,
            0.0,
            0.0
        ]
    },
    {
        "timestamp": "2024-07-12T15:47:47.581636",
        "attribute_name": "O_dP_EE_d",
        "values": [
            0.0,
            0.0,
            0.0,
            0.0,
            0.0,
            0.0
        ]
    },
    {
        "timestamp": "2024-07-12T15:47:47.581636",
        "attribute_name": "O_T_EE",
        "values": [
            -0.12631358176862473,
            -0.989817577041416,
            0.06547358354213947,
            0.0,
            -0.9912341119863295,
            0.1233831230897631,
            -0.04703495585729142,
            0.0,
            0.038478431654652444,
            -0.07084216711486105,
            -0.9967451016462878,
            0.0,
            0.07490008698214265,
            -0.42370997842118974,
            0.18436308159013542,
            1.0
        ]
    },
    {
        "timestamp": "2024-07-12T15:47:47.581636",
        "attribute_name": "O_F_ext_hat_K",
        "values": [
            -0.5410722291922783,
            -0.4214704359010169,
            -0.6110921361579417,
            0.2949341967843864,
            -0.2682244736923641,
            -0.1956410003193604
        ]
    },
    {
        "timestamp": "2024-07-12T15:47:47.581636",
        "attribute_name": "m_ee",
        "values": 0.7300000190734863
    },
    {
        "timestamp": "2024-07-12T15:47:47.581636",
        "attribute_name": "tau_ext_hat_filtered",
        "values": [
            -0.12253318622730369,
            0.18053271187747988,
            -0.2748368520831199,
            -0.021512798361057694,
            0.02444396516207703,
            0.06955765211552384,
            -0.03422053848468768
        ]
    },
    {
        "timestamp": "2024-07-12T15:47:47.581636",
        "attribute_name": "joint_contact",
        "values": [
            0.0,
            0.0,
            0.0,
            0.0,
            0.0,
            0.0,
            0.0
        ]
    },
    {
        "timestamp": "2024-07-12T15:47:47.581636",
        "attribute_name": "dq_d",
        "values": [
            0.0,
            0.0,
            0.0,
            0.0,
            0.0,
            0.0,
            0.0
        ]
    },
    {
        "timestamp": "2024-07-12T15:47:47.581636",
        "attribute_name": "EE_T_K",
        "values": [
            1.0,
            0.0,
            0.0,
            0.0,
            0.0,
            1.0,
            0.0,
            0.0,
            0.0,
            0.0,
            1.0,
            0.0,
            0.0,
            0.0,
            0.0,
            1.0
        ]
    },
    {
        "timestamp": "2024-07-12T15:47:47.581636",
        "attribute_name": "K_F_ext_hat_K",
        "values": [
            0.4455218025695422,
            0.5130794819712815,
            0.6181413616328622,
            0.22159730420248927,
            0.011825173568697512,
            -0.05139973324397516
        ]
    },
    {
        "timestamp": "2024-07-12T15:47:47.581636",
        "attribute_name": "O_dP_EE_c",
        "values": [
            0.0,
            0.0,
            0.0,
            0.0,
            0.0,
            0.0
        ]
    },
    {
        "timestamp": "2024-07-12T15:47:47.581636",
        "attribute_name": "O_F_ext_hat_K",
        "values": [
            -0.5410722291922783,
            -0.4214704359010169,
            -0.6110921361579417,
            0.2949341967843864,
            -0.2682244736923641,
            -0.1956410003193604
        ]
    },
    {
        "timestamp": "2024-07-12T15:47:47.581636",
        "attribute_name": "cartesian_contact",
        "values": [
            0.0,
            0.0,
            0.0,
            0.0,
            0.0,
            0.0
        ]
    },
    {
        "timestamp": "2024-07-12T15:47:47.581636",
        "attribute_name": "joint_collision",
        "values": [
            0.0,
            0.0,
            0.0,
            0.0,
            0.0,
            0.0,
            0.0
        ]
    },
    {
        "timestamp": "2024-07-12T15:47:47.581636",
        "attribute_name": "cartesian_collision",
        "values": [
            0.0,
            0.0,
            0.0,
            0.0,
            0.0,
            0.0
        ]
    },
    {
        "timestamp": "2024-07-12T15:47:47.581636",
        "attribute_name": "theta",
        "values": [
            -1.8967514038085938,
            -0.14870986342430115,
            0.5165648460388184,
            -2.664323568344116,
            0.19138328731060028,
            2.6065211296081543,
            0.9383217096328735
        ]
    },
    {
        "timestamp": "2024-07-12T15:47:47.581636",
        "attribute_name": "control_command_success_rate",
        "values": 0.0
    },
    {
        "timestamp": "2024-07-12T15:47:47.581636",
        "attribute_name": "ddelbow_c",
        "values": [
            0.0,
            0.0
        ]
    },
    {
        "timestamp": "2024-07-12T15:47:47.581636",
        "attribute_name": "O_T_EE_d",
        "values": [
            -0.126573818719674,
            -0.9897826899361154,
            0.06549841233766472,
            0.0,
            -0.9911996098582144,
            0.12363881733233271,
            -0.0470905846936888,
            0.0,
            0.03851204082633615,
            -0.07088380061866423,
            -0.9967408437107632,
            0.0,
            0.07481155764298057,
            -0.4237372764488106,
            0.18437135148031608,
            1.0
        ]
    },
    {
        "timestamp": "2024-07-12T15:47:47.639243",
        "attribute_name": "elbow",
        "values": [
            0.5167189157198464,
            -1.0
        ]
    },
    {
        "timestamp": "2024-07-12T15:47:47.639243",
        "attribute_name": "O_T_EE",
        "values": [
            -0.12630093206248513,
            -0.9898195512115692,
            0.06546814111217288,
            0.0,
            -0.9912356799814156,
            0.12337069780926152,
            -0.04703450387795089,
            0.0,
            0.03847956211745909,
            -0.07083622286812263,
            -0.9967454804658139,
            0.0,
            0.0749027784835557,
            -0.42370800501860606,
            0.18436038434913715,
            1.0
        ]
    },
    {
        "timestamp": "2024-07-12T15:47:47.639243",
        "attribute_name": "tau_J_d",
        "values": [
