timestamp,col1,col2,col3,col4,col5,col6,col7,col8,col9,col10,col11,col12,col13,col14,col15,col16,col17,col18,col19,col20,col21,col22,col23,col24,col25,col26,col27,col28,col29,col30,col31,col32,col33,col34,col35,col36,col37,col38
2024-07-12T15:47:47.492782,-0.12631680964746175,-0.9898177809503351,0.06546427282304379,0.0,-0.991233654680249,0.12338669688575413,-0.04703521831636679,0.0,0.03847961588460363,-0.07083309287670074,-0.9967457008258899,0.0,0.0748962526495536,-0.42370781179972344,0.18435939916740188,1.0
2024-07-12T15:47:47.492782,-0.12631680964746175,-0.9898177809503351,0.06546427282304379,0.0,-0.991233654680249,0.12338669688575413,-0.04703521831636679,0.0,0.03847961588460363,-0.07083309287670074,-0.9967457008258899,0.0,0.0748962526495536,-0.42370781179972344,0.18435939916740188,1.0
2024-07-12T15:47:47.513579,-0.1263009631911334,-0.989819500868184,0.0654688422019155,0.0,-0.9912357142879453,0.12337076596592407,-0.04703360209739653,0.0,0.038478576174553726,-0.0708368076389258,-0.9967454769694742,0.0,0.07489850847026965,-0.42370871391349907,0.1843612323616612,1.0
2024-07-12T15:47:47.513579,-0.1263009631911334,-0.989819500868184,0.0654688422019155,0.0,-0.9912357142879453,0.12337076596592407,-0.04703360209739653,0.0,0.038478576174553726,-0.0708368076389258,-0.9967454769694742,0.0,0.07489850847026965,-0.42370871391349907,0.1843612323616612,1.0
2024-07-12T15:47:47.540348,-0.12630106247291875,-0.9898187989862041,0.06547926154844178,0.0,-0.9912356859686117,0.12337034092518302,-0.047035313792389746,0.0,0.03847897982676196,-0.07084735487453618,-0.9967447117586193,0.0,0.07490034834454161,-0.42371246413756936,0.18436514118287606,1.0
2024-07-12T15:47:47.540348,-0.12630106247291875,-0.9898187989862041,0.06547926154844178,0.0,-0.9912356859686117,0.12337034092518302,-0.047035313792389746,0.0,0.03847897982676196,-0.07084735487453618,-0.9967447117586193,0.0,0.07490034834454161,-0.42371246413756936,0.18436514118287606,1.0
2024-07-12T15:47:47.581636,-0.12631358176862473,-0.989817577041416,0.06547358354213947,0.0,-0.9912341119863295,0.1233831230897631,-0.04703495585729142,0.0,0.038478431654652444,-0.07084216711486105,-0.9967451016462878,0.0,0.07490008698214265,-0.42370997842118974,0.18436308159013542,1.0
2024-07-12T15:47:47.581636,-0.12631358176862473,-0.989817577041416,0.06547358354213947,0.0,-0.9912341119863295,0.1233831230897631,-0.04703495585729142,0.0,0.038478431654652444,-0.07084216711486105,-0.9967451016462878,0.0,0.07490008698214265,-0.42370997842118974,0.18436308159013542,1.0
2024-07-12T15:47:47.639243,-0.12630093206248513,-0.9898195512115692,0.06546814111217288,0.0,-0.9912356799814156,0.12337069780926152,-0.04703450387795089,0.0,0.03847956211745909,-0.07083622286812263,-0.9967454804658139,0.0,0.0749027784835557,-0.42370800501860606,0.18436038434913715,1.0
2024-07-12T15:47:47.639243,-0.12630093206248513,-0.9898195512115692,0.06546814111217288,0.0,-0.9912356799814156,0.12337069780926152,-0.04703450387795089,0.0,0.03847956211745909,-0.07083622286812263,-0.9967454804658139,0.0,0.0749027784835557,-0.42370800501860606,0.18436038434913715,1.0
2024-07-12T15:47:47.713603,-0.12630630493589143,-0.989818267733399,0.06547717996297105,0.0,-0.9912350420515994,0.12337570732459616,-0.04703480788020474,0.0,0.038478359495262786,-0.07084543201483541,-0.9967448723786767,0.0,0.07489982391799588,-0.42371058298349423,0.18436403139896088,1.0
2024-07-12T15:47:47.713603,-0.12630630493589143,-0.989818267733399,0.06547717996297105,0.0,-0.9912350420515994,0.12337570732459616,-0.04703480788020474,0.0,0.038478359495262786,-0.07084543201483541,-0.9967448723786767,0.0,0.07489982391799588,-0.42371058298349423,0.18436403139896088,1.0
2024-07-12T15:47:47.800935,-0.12633093409424362,-0.9898158357126803,0.06546642929389636,0.0,-0.9912317986261153,0.12340056371200206,-0.04703795456017339,0.0,0.038481058903743044,-0.07083611901088496,-0.9967454300618199,0.0,0.07489414110883079,-0.42370943602221284,0.1843605448604182,1.0
2024-07-12T15:47:47.800935,-0.12633093409424362,-0.9898158357126803,0.06546642929389636,0.0,-0.9912317986261153,0.12340056371200206,-0.04703795456017339,0.0,0.038481058903743044,-0.07083611901088496,-0.9967454300618199,0.0,0.07489414110883079,-0.42370943602221284,0.1843605448604182,1.0
2024-07-12T15:47:47.902969,-0.12631059638526032,-0.989818013046844,0.0654727515078281,0.0,-0.9912344528204636,0.12338011535338803,-0.04703566283480208,0.0,0.03847945154462754,-0.07084131355436035,-0.9967451229390177,0.0,0.0748997583973283,-0.4237098840568605,0.18436309665473258,1.0
2024-07-12T15:47:47.902969,-0.12631059638526032,-0.989818013046844,0.0654727515078281,0.0,-0.9912344528204636,0.12338011535338803,-0.04703566283480208,0.0,0.03847945154462754,-0.07084131355436035,-0.9967451229390177,0.0,0.0748997583973283,-0.4237098840568605,0.18436309665473258,1.0
2024-07-12T15:47:48.014813,-0.12631288250416586,-0.9898177613780562,0.06547214579674601,0.0,-0.9912341433819657,0.12338238847265892,-0.0470362212535267,0.0,0.038479918355685684,-0.07084087094914018,-0.9967451363746437,0.0,0.07489785601606298,-0.4237101849015641,0.18436216390980384,1.0
2024-07-12T15:47:48.014813,-0.12631288250416586,-0.9898177613780562,0.06547214579674601,0.0,-0.9912341433819657,0.12338238847265892,-0.0470362212535267,0.0,0.038479918355685684,-0.07084087094914018,-0.9967451363746437,0.0,0.07489785601606298,-0.4237101849015641,0.18436216390980384,1.0
2024-07-12T15:47:48.133897,-0.12631396474564865,-0.9898178299647303,0.06546902088282357,0.0,-0.9912340419639328,0.12338368240304688,-0.0470349643320451,0.0,0.03847897828733899,-0.07083765886399737,-0.9967454009508299,0.0,0.0748993249254146,-0.4237086095453157,0.18436100423801222,1.0
2024-07-12T15:47:48.133897,-0.12631396474564865,-0.9898178299647303,0.06546902088282357,0.0,-0.9912340419639328,0.12338368240304688,-0.0470349643320451,0.0,0.03847897828733899,-0.07083765886399737,-0.9967454009508299,0.0,0.0748993249254146,-0.4237086095453157,0.18436100423801222,1.0
2024-07-12T15:47:48.269428,-0.1263076562174638,-0.9898186658203906,0.06546855486110795,0.0,-0.991234863537395,0.12337745182624951,-0.047033993983839846,0.0,0.038478522530573746,-0.07083683141489915,-0.9967454773506431,0.0,0.0748984373002632,-0.42370841995392106,0.18436091121561982,1.0
2024-07-12T15:47:48.269428,-0.1263076562174638,-0.9898186658203906,0.06546855486110795,0.0,-0.991234863537395,0.12337745182624951,-0.047033993983839846,0.0,0.038478522530573746,-0.07083683141489915,-0.9967454773506431,0.0,0.0748984373002632,-0.42370841995392106,0.18436091121561982,1.0
2024-07-12T15:47:48.416988,-0.12631079625667968,-0.9898180907927918,0.06547119053083282,0.0,-0.9912344590739016,0.12338044706633959,-0.04703466091499068,0.0,0.03847863434325112,-0.07083964948535967,-0.996745272755216,0.0,0.07489916167311969,-0.42370978399316717,0.18436202884322134,1.0
2024-07-12T15:47:48.416988,-0.12631079625667968,-0.9898180907927918,0.06547119053083282,0.0,-0.9912344590739016,0.12338044706633959,-0.04703466091499068,0.0,0.03847863434325112,-0.07083964948535967,-0.996745272755216,0.0,0.07489916167311969,-0.42370978399316717,0.18436202884322134,1.0
2024-07-12T15:47:48.576217,-0.12632772075893164,-0.9898165140953071,0.0654623731106381,0.0,-0.9912322516404907,0.12339763501277168,-0.04703609127240718,0.0,0.038479938733808304,-0.07083174143055528,-0.9967457844008959,0.0,0.07489127095402934,-0.4237096949049134,0.18436000282045764,1.0
2024-07-12T15:47:48.576217,-0.12632772075893164,-0.9898165140953071,0.0654623731106381,0.0,-0.9912322516404907,0.12339763501277168,-0.04703609127240718,0.0,0.038479938733808304,-0.07083174143055528,-0.9967457844008959,0.0,0.07489127095402934,-0.4237096949049134,0.18436000282045764,1.0
2024-07-12T15:47:48.750370,-0.12626037468560886,-0.9898238415318887,0.06548150441546474,0.0,-0.9912410133286202,0.12332996135199657,-0.0470289382122712,0.0,0.03847527364385077,-0.0708472081791138,-0.9967448652545225,0.0,0.07491942030236219,-0.42370743897164276,0.18436512686626358,1.0
2024-07-12T15:47:48.750370,-0.12626037468560886,-0.9898238415318887,0.06548150441546474,0.0,-0.9912410133286202,0.12332996135199657,-0.0470289382122712,0.0,0.03847527364385077,-0.0708472081791138,-0.9967448652545225,0.0,0.07491942030236219,-0.42370743897164276,0.18436512686626358,1.0
2024-07-12T15:47:48.935539,-0.12632975249159306,-0.9898159441262584,0.06546707027250519,0.0,-0.991231900971716,0.12339926718852263,-0.04703919912734538,0.0,0.038482301702126166,-0.07083686272954051,-0.9967453292262487,0.0,0.07488918468978453,-0.42371194608872154,0.18436067960393948,1.0
2024-07-12T15:47:48.935539,-0.12632975249159306,-0.9898159441262584,0.06546707027250519,0.0,-0.991231900971716,0.12339926718852263,-0.04703919912734538,0.0,0.038482301702126166,-0.07083686272954051,-0.9967453292262487,0.0,0.07488918468978453,-0.42371194608872154,0.18436067960393948,1.0
2024-07-12T15:47:49.137945,-0.12628414492431464,-0.9898211503196535,0.06547634704090213,0.0,-0.991237855214921,0.12335364959489745,-0.04703337561509585,0.0,0.038478624417870484,-0.07084356738878993,-0.9967449946814573,0.0,0.07490856191402417,-0.4237087585865496,0.18436281417324027,1.0
2024-07-12T15:47:49.137945,-0.12628414492431464,-0.9898211503196535,0.06547634704090213,0.0,-0.991237855214921,0.12335364959489745,-0.04703337561509585,0.0,0.038478624417870484,-0.07084356738878993,-0.9967449946814573,0.0,0.07490856191402417,-0.4237087585865496,0.18436281417324027,1.0
2024-07-12T15:47:49.350015,-0.12632695891419804,-0.989816372309539,0.06546598705192327,0.0,-0.9912323945884625,0.1233967886515056,-0.04703529919248448,0.0,0.03847875748440962,-0.0708351972152312,-0.9967455844185793,0.0,0.07489113225457376,-0.4237102416523225,0.18436091232605845,1.0
2024-07-12T15:47:49.350015,-0.12632695891419804,-0.989816372309539,0.06546598705192327,0.0,-0.9912323945884625,0.1233967886515056,-0.04703529919248448,0.0,0.03847875748440962,-0.0708351972152312,-0.9967455844185793,0.0,0.07489113225457376,-0.4237102416523225,0.18436091232605845,1.0
2024-07-12T15:47:49.585985,-0.1263029197122763,-0.9898189696030307,0.06547309972314626,0.0,-0.9912354164867256,0.12337242367548984,-0.047035529975024956,0.0,0.03847982567210522,-0.07084134395420355,-0.9967451063351185,0.0,0.07490191886636935,-0.4237096007861208,0.18436281404578414,1.0
2024-07-12T15:47:49.585985,-0.1263029197122763,-0.9898189696030307,0.06547309972314626,0.0,-0.9912354164867256,0.12337242367548984,-0.047035529975024956,0.0,0.03847982567210522,-0.07084134395420355,-0.9967451063351185,0.0,0.07490191886636935,-0.4237096007861208,0.18436281404578414,1.0
2024-07-12T15:47:49.830514,-0.12631212275075598,-0.9898177834813919,0.06547327738391359,0.0,-0.9912342966870045,0.12338168174554263,-0.04703484434193168,0.0,0.03847846312955544,-0.07084179301555707,-0.9967451270197052,0.0,0.07489639971210149,-0.4237112155114831,0.18436307175141609,1.0
2024-07-12T15:47:49.830514,-0.12631212275075598,-0.9898177834813919,0.06547327738391359,0.0,-0.9912342966870045,0.12338168174554263,-0.04703484434193168,0.0,0.03847846312955544,-0.07084179301555707,-0.9967451270197052,0.0,0.07489639971210149,-0.4237112155114831,0.18436307175141609,1.0
2024-07-12T15:47:50.086681,-0.12630942769407963,-0.9898183005763805,0.06547065923670203,0.0,-0.9912346869851666,0.12337920732188745,-0.04703310981904233,0.0,0.038477255598844316,-0.07083887746702693,-0.9967453808474825,0.0,0.07489598118909584,-0.4237084927841264,0.18436095520333323,1.0
2024-07-12T15:47:50.086681,-0.12630942769407963,-0.9898183005763805,0.06547065923670203,0.0,-0.9912346869851666,0.12337920732188745,-0.04703310981904233,0.0,0.038477255598844316,-0.07083887746702693,-0.9967453808474825,0.0,0.07489598118909584,-0.4237084927841264,0.18436095520333323,1.0
2024-07-12T15:47:50.354590,-0.1263006860466103,-0.9898192903612879,0.06547255939735788,0.0,-0.9912356955823458,0.12337021376136048,-0.047035444731265655,0.0,0.03847996773599385,-0.070840710797066,-0.9967451458506348,0.0,0.07490059943381767,-0.42371072097905604,0.18436252253231963,1.0
2024-07-12T15:47:50.354590,-0.1263006860466103,-0.9898192903612879,0.06547255939735788,0.0,-0.9912356955823458,0.12337021376136048,-0.047035444731265655,0.0,0.03847996773599385,-0.070840710797066,-0.9967451458506348,0.0,0.07490059943381767,-0.42371072097905604,0.18436252253231963,1.0
2024-07-12T15:47:50.635950,-0.12630524929722894,-0.989818592025098,0.06547431391489043,0.0,-0.9912351737544585,0.12337478659255297,-0.04703444744460017,0.0,0.03847843186879932,-0.07084250447766537,-0.9967450776604065,0.0,0.07490081870429616,-0.42370937810223375,0.1843625608770156,1.0
2024-07-12T15:47:50.635950,-0.12630524929722894,-0.989818592025098,0.06547431391489043,0.0,-0.9912351737544585,0.12337478659255297,-0.04703444744460017,0.0,0.03847843186879932,-0.07084250447766537,-0.9967450776604065,0.0,0.07490081870429616,-0.42370937810223375,0.1843625608770156,1.0
2024-07-12T15:47:50.921485,-0.1263237714674432,-0.9898161006284127,0.06547624454879164,0.0,-0.9912327688403504,0.12339306666104503,-0.04703717655518553,0.0,0.03847958092527304,-0.0708454767139599,-0.9967448220487464,0.0,0.07489600110242667,-0.4237126263641044,0.18436463590564361,1.0
2024-07-12T15:47:50.921485,-0.1263237714674432,-0.9898161006284127,0.06547624454879164,0.0,-0.9912327688403504,0.12339306666104503,-0.04703717655518553,0.0,0.03847958092527304,-0.0708454767139599,-0.9967448220487464,0.0,0.07489600110242667,-0.4237126263641044,0.18436463590564361,1.0
2024-07-12T15:47:51.225234,-0.12630644480397432,-0.9898185777666241,0.06547222319614848,0.0,-0.9912349764530404,0.12337599425789246,-0.04703543768505619,0.0,0.03847959025230611,-0.07084060043303954,-0.9967451682673465,0.0,0.0749009487070912,-0.4237096975810184,0.18436216524497848,1.0
2024-07-12T15:47:51.225234,-0.12630644480397432,-0.9898185777666241,0.06547222319614848,0.0,-0.9912349764530404,0.12337599425789246,-0.04703543768505619,0.0,0.03847959025230611,-0.07084060043303954,-0.9967451682673465,0.0,0.0749009487070912,-0.4237096975810184,0.18436216524497848,1.0
2024-07-12T15:47:51.544980,-0.12631716540250473,-0.9898173177629579,0.06547058944616804,0.0,-0.991233528657436,0.12338660262890927,-0.04703812132974783,0.0,0.03848169437520826,-0.07083972943654938,-0.9967451489379667,0.0,0.07489868178254551,-0.42371161357329823,0.1843620335075993,1.0
2024-07-12T15:47:51.544980,-0.12631716540250473,-0.9898173177629579,0.06547058944616804,0.0,-0.991233528657436,0.12338660262890927,-0.04703812132974783,0.0,0.03848169437520826,-0.07083972943654938,-0.9967451489379667,0.0,0.07489868178254551,-0.42371161357329823,0.1843620335075993,1.0
2024-07-12T15:47:51.874269,-0.12630732207980225,-0.9898188396267456,0.0654665717003754,0.0,-0.9912347898355202,0.12337699910482088,-0.04703673471691515,0.0,0.03848151790772104,-0.07083519123908003,-0.996745478274991,0.0,0.07490059171843305,-0.4237078738030629,0.18435985975128497,1.0
2024-07-12T15:47:51.874269,-0.12630732207980225,-0.9898188396267456,0.0654665717003754,0.0,-0.9912347898355202,0.12337699910482088,-0.04703673471691515,0.0,0.03848151790772104,-0.07083519123908003,-0.996745478274991,0.0,0.07490059171843305,-0.4237078738030629,0.18435985975128497,1.0
2024-07-12T15:47:52.222934,-0.12630746877930152,-0.9898187681054861,0.06546737002440209,0.0,-0.9912348666942177,0.12337728322214467,-0.0470343697271211,0.0,0.0384790564896834,-0.07083569579147067,-0.9967455374434349,0.0,0.07489816462123053,-0.42370761214444713,0.18436013492177172,1.0
2024-07-12T15:47:52.222934,-0.12630746877930152,-0.9898187681054861,0.06546737002440209,0.0,-0.9912348666942177,0.12337728322214467,-0.0470343697271211,0.0,0.0384790564896834,-0.07083569579147067,-0.9967455374434349,0.0,0.07489816462123053,-0.42370761214444713,0.18436013492177172,1.0
2024-07-12T15:47:52.622594,-0.126303490750706,-0.9898187177961892,0.06547580488778013,0.0,-0.9912353300207529,0.12337283883170677,-0.04703626322810138,0.0,0.03848017869724896,-0.07084413927310353,-0.9967448940316077,0.0,0.07490049559254161,-0.423711309143671,0.1843631827384363,1.0
2024-07-12T15:47:52.622594,-0.126303490750706,-0.9898187177961892,0.06547580488778013,0.0,-0.9912353300207529,0.12337283883170677,-0.04703626322810138,0.0,0.03848017869724896,-0.07084413927310353,-0.9967448940316077,0.0,0.07490049559254161,-0.423711309143671,0.1843631827384363,1.0
2024-07-12T15:47:52.999514,-0.12631232743649956,-0.989818069683673,0.06546855555509276,0.0,-0.9912342726725561,0.12338211385902617,-0.047034216908493846,0.0,0.03847840984239017,-0.07083704128799433,-0.9967454667855601,0.0,0.07489814945220512,-0.42370800923641455,0.1843602796983412,1.0
2024-07-12T15:47:52.999514,-0.12631232743649956,-0.989818069683673,0.06546855555509276,0.0,-0.9912342726725561,0.12338211385902617,-0.047034216908493846,0.0,0.03847840984239017,-0.07083704128799433,-0.9967454667855601,0.0,0.07489814945220512,-0.42370800923641455,0.1843602796983412,1.0
2024-07-12T15:47:53.385047,-0.1263215226411081,-0.9898170526139255,0.06546619107235117,0.0,-0.9912330409819698,0.12339127726640589,-0.0470361356980973,0.0,0.03847995312719441,-0.07083529173756054,-0.9967455315434244,0.0,0.07489466963266282,-0.42370988367902684,0.18436112834793109,1.0
2024-07-12T15:47:53.385047,-0.1263215226411081,-0.9898170526139255,0.06546619107235117,0.0,-0.9912330409819698,0.12339127726640589,-0.0470361356980973,0.0,0.03847995312719441,-0.07083529173756054,-0.9967455315434244,0.0,0.07489466963266282,-0.42370988367902684,0.18436112834793109,1.0
2024-07-12T15:47:53.788725,-0.1263097434439908,-0.9898182939994228,0.06547014950642785,0.0,-0.9912345167200782,0.12337930674776741,-0.047036437262638425,0.0,0.03848060529923526,-0.07083879619509993,-0.9967452573097269,0.0,0.07489737365942145,-0.4237091086417892,0.1843613570372967,1.0
2024-07-12T15:47:53.788725,-0.1263097434439908,-0.9898182939994228,0.06547014950642785,0.0,-0.9912345167200782,0.12337930674776741,-0.047036437262638425,0.0,0.03848060529923526,-0.07083879619509993,-0.9967452573097269,0.0,0.07489737365942145,-0.4237091086417892,0.1843613570372967,1.0
2024-07-12T15:47:54.194740,-0.12630462902693776,-0.9898187163252284,0.06547363133241564,0.0,-0.9912351369250608,0.12337398773293384,-0.047037318984382244,0.0,0.03848141659418076,-0.07084215897459738,-0.9967449869895123,0.0,0.07490181468353352,-0.4237105057108045,0.18436275635756594,1.0
2024-07-12T15:47:54.194740,-0.12630462902693776,-0.9898187163252284,0.06547363133241564,0.0,-0.9912351369250608,0.12337398773293384,-0.047037318984382244,0.0,0.03848141659418076,-0.07084215897459738,-0.9967449869895123,0.0,0.07490181468353352,-0.4237105057108045,0.18436275635756594,1.0
2024-07-12T15:47:54.623274,-0.12629769063667584,-0.9898197710315085,0.06547107083424784,0.0,-0.991236116605226,0.12336737258091399,-0.047034024079180545,0.0,0.03847895379496367,-0.07083894249543393,-0.9967453106691668,0.0,0.07490163864895089,-0.42370847085102753,0.18436115200594902,1.0
2024-07-12T15:47:54.623274,-0.12629769063667584,-0.9898197710315085,0.06547107083424784,0.0,-0.991236116605226,0.12336737258091399,-0.047034024079180545,0.0,0.03847895379496367,-0.07083894249543393,-0.9967453106691668,0.0,0.07490163864895089,-0.42370847085102753,0.18436115200594902,1.0
2024-07-12T15:47:55.056441,-0.12629919647475202,-0.9898192712276571,0.06547572204557921,0.0,-0.991235923765176,0.12336865006261821,-0.04703473737923685,0.0,0.03847897887404381,-0.07084370132422055,-0.9967449714784095,0.0,0.07490072722738836,-0.42371031723275543,0.18436263886450696,1.0
2024-07-12T15:47:55.056441,-0.12629919647475202,-0.9898192712276571,0.06547572204557921,0.0,-0.991235923765176,0.12336865006261821,-0.04703473737923685,0.0,0.03847897887404381,-0.07084370132422055,-0.9967449714784095,0.0,0.07490072722738836,-0.42371031723275543,0.18436263886450696,1.0
2024-07-12T15:47:55.515089,-0.12623095583804705,-0.9898223442383557,0.06556080792597951,0.0,-0.9912484488437217,0.12330369038882712,-0.04694102153362557,0.0,0.038380121349478026,-0.07091382448864093,-0.9967437964600498,0.0,0.07491774572456679,-0.4236514007158654,0.18437549652460294,1.0
2024-07-12T15:47:55.515089,-0.12623095583804705,-0.9898223442383557,0.06556080792597951,0.0,-0.9912484488437217,0.12330369038882712,-0.04694102153362557,0.0,0.038380121349478026,-0.07091382448864093,-0.9967437964600498,0.0,0.07491774572456679,-0.4236514007158654,0.18437549652460294,1.0
2024-07-12T15:47:55.994143,-0.12686995795163242,-0.9898099966978657,0.06450527968724926,0.0,-0.9911723295997473,0.12400034045800352,-0.04671269103056717,0.0,0.03823874812655181,-0.0698636305773313,-0.9968233902072464,0.0,0.0745929019869481,-0.4232041421574547,0.18397743467608707,1.0
2024-07-12T15:47:55.994143,-0.12686995795163242,-0.9898099966978657,0.06450527968724926,0.0,-0.9911723295997473,0.12400034045800352,-0.04671269103056717,0.0,0.03823874812655181,-0.0698636305773313,-0.9968233902072464,0.0,0.0745929019869481,-0.4232041421574547,0.18397743467608707,1.0
2024-07-12T15:47:56.487554,-0.12631600639075227,-0.9898077221970497,0.06561773014809184,0.0,-0.9912318207928201,0.12337503307183548,-0.04710441129535997,0.0,0.0385294622341164,-0.07099379009965659,-0.996732342360393,0.0,0.07493222576336878,-0.42376673529358927,0.18441339675178917,1.0
2024-07-12T15:47:56.487554,-0.12631600639075227,-0.9898077221970497,0.06561773014809184,0.0,-0.9912318207928201,0.12337503307183548,-0.04710441129535997,0.0,0.0385294622341164,-0.07099379009965659,-0.996732342360393,0.0,0.07493222576336878,-0.42376673529358927,0.18441339675178917,1.0
2024-07-12T15:47:57.042546,-0.12643985884856745,-0.9897968197761413,0.06554360805295432,0.0,-0.9912157044769859,0.12350135608732363,-0.04711251578925549,0.0,0.03853783579522223,-0.0709261190241434,-0.996736836307555,0.0,0.07488387221354177,-0.4237538770688006,0.18438779231799374,1.0
2024-07-12T15:47:57.042546,-0.12643985884856745,-0.9897968197761413,0.06554360805295432,0.0,-0.9912157044769859,0.12350135608732363,-0.04711251578925549,0.0,0.03853783579522223,-0.0709261190241434,-0.996736836307555,0.0,0.07488387221354177,-0.4237538770688006,0.18438779231799374,1.0
2024-07-12T15:47:57.556949,-0.12648142909920224,-0.9897926438441326,0.06552646172558287,0.0,-0.9912103691818988,0.12354353063633877,-0.04711419070089706,0.0,0.03853865093318585,-0.07091094374430562,-0.9967378845220753,0.0,0.07486461768624542,-0.4237515652791296,0.18438091750458122,1.0
2024-07-12T15:47:57.556949,-0.12648142909920224,-0.9897926438441326,0.06552646172558287,0.0,-0.9912103691818988,0.12354353063633877,-0.04711419070089706,0.0,0.03853865093318585,-0.07091094374430562,-0.9967378845220753,0.0,0.07486461768624542,-0.4237515652791296,0.18438091750458122,1.0
2024-07-12T15:47:58.065267,-0.12646580489329615,-0.9897946653441216,0.06552608297630252,0.0,-0.9912122997169125,0.12352786617383464,-0.04711464814319561,0.0,0.03854027220257625,-0.07091001653562926,-0.9967378877987272,0.0,0.07487101007590563,-0.423751063726944,0.18438147725511472,1.0
2024-07-12T15:47:58.065267,-0.12646580489329615,-0.9897946653441216,0.06552608297630252,0.0,-0.9912122997169125,0.12352786617383464,-0.04711464814319561,0.0,0.03854027220257625,-0.07091001653562926,-0.9967378877987272,0.0,0.07487101007590563,-0.423751063726944,0.18438147725511472,1.0
2024-07-12T15:47:58.639302,-0.12643922267141722,-0.9897975870795463,0.06553324715718167,0.0,-0.9912156953901534,0.1235010493655781,-0.04711351100293813,0.0,0.03854015673475314,-0.07091594421229319,-0.9967374705384261,0.0,0.07488134389752998,-0.4237522657437008,0.18438367409079462,1.0
2024-07-12T15:47:58.639302,-0.12643922267141722,-0.9897975870795463,0.06553324715718167,0.0,-0.9912156953901534,0.1235010493655781,-0.04711351100293813,0.0,0.03854015673475314,-0.07091594421229319,-0.9967374705384261,0.0,0.07488134389752998,-0.4237522657437008,0.18438367409079462,1.0
2024-07-12T15:47:59.178802,-0.1264522049775854,-0.9897959144459204,0.0655334609469004,0.0,-0.9912141170758284,0.12351411669567752,-0.04711246106584397,0.0,0.038538155918520944,-0.07091653157809015,-0.9967375061104771,0.0,0.07487494286785219,-0.42375216037041036,0.18438415738311842,1.0
2024-07-12T15:47:59.178802,-0.1264522049775854,-0.9897959144459204,0.0655334609469004,0.0,-0.9912141170758284,0.12351411669567752,-0.04711246106584397,0.0,0.038538155918520944,-0.07091653157809015,-0.9967375061104771,0.0,0.07487494286785219,-0.42375216037041036,0.18438415738311842,1.0
2024-07-12T15:47:59.744492,-0.12646312915991226,-0.9897942380591299,0.06553770036580232,0.0,-0.9912127310343444,0.12352481281984498,-0.04711357930010216,0.0,0.038537959130388565,-0.07092129908428965,-0.9967371745060285,0.0,0.07487349074209111,-0.42375409901696,0.1843856320202814,1.0
2024-07-12T15:47:59.744492,-0.12646312915991226,-0.9897942380591299,0.06553770036580232,0.0,-0.9912127310343444,0.12352481281984498,-0.04711357930010216,0.0,0.038537959130388565,-0.07092129908428965,-0.9967371745060285,0.0,0.07487349074209111,-0.42375409901696,0.1843856320202814,1.0
2024-07-12T15:48:00.326129,-0.12645237291261477,-0.9897956503710068,0.06553712530019361,0.0,-0.9912141429118826,0.12351419656518987,-0.04711170809391035,0.0,0.03853694033177475,-0.07092007819505308,-0.9967373007661913,0.0,0.0748769994881978,-0.4237523840373193,0.18438523541802598,1.0
2024-07-12T15:48:00.326129,-0.12645237291261477,-0.9897956503710068,0.06553712530019361,0.0,-0.9912141429118826,0.12351419656518987,-0.04711170809391035,0.0,0.03853694033177475,-0.07092007819505308,-0.9967373007661913,0.0,0.0748769994881978,-0.4237523840373193,0.18438523541802598,1.0
2024-07-12T15:48:00.918147,-0.12645145124273696,-0.989795548461728,0.06554044266833446,0.0,-0.9912142692256319,0.12351313647447089,-0.047111829755840086,0.0,0.038536715683520226,-0.07092334672174543,-0.9967370768834249,0.0,0.07487691582057505,-0.4237530228441399,0.18438584522015164,1.0
2024-07-12T15:48:00.918147,-0.12645145124273696,-0.989795548461728,0.06554044266833446,0.0,-0.9912142692256319,0.12351313647447089,-0.047111829755840086,0.0,0.038536715683520226,-0.07092334672174543,-0.9967370768834249,0.0,0.07487691582057505,-0.4237530228441399,0.18438584522015164,1.0
2024-07-12T15:48:01.515865,-0.126453443939828,-0.9897953059882271,0.06554025984566096,0.0,-0.9912138978338598,0.1235149148680119,-0.047114981135113955,0.0,0.03853972956321618,-0.07092363355208044,-0.9967369399440177,0.0,0.07487996494319542,-0.42375426960542595,0.1843863960507945,1.0
2024-07-12T15:48:01.515865,-0.126453443939828,-0.9897953059882271,0.06554025984566096,0.0,-0.9912138978338598,0.1235149148680119,-0.047114981135113955,0.0,0.03853972956321618,-0.07092363355208044,-0.9967369399440177,0.0,0.07487996494319542,-0.42375426960542595,0.1843863960507945,1.0
2024-07-12T15:48:02.117180,-0.12644100245969855,-0.9897968892150542,0.06554035320622305,0.0,-0.9912155830788411,0.12350269545419565,-0.047111558862231506,0.0,0.03853720608655604,-0.07092281763249367,-0.9967370955703969,0.0,0.07487974629954114,-0.42375327491316617,0.18438640193837583,1.0
2024-07-12T15:48:02.117180,-0.12644100245969855,-0.9897968892150542,0.06554035320622305,0.0,-0.9912155830788411,0.12350269545419565,-0.047111558862231506,0.0,0.03853720608655604,-0.07092281763249367,-0.9967370955703969,0.0,0.07487974629954114,-0.42375327491316617,0.18438640193837583,1.0
2024-07-12T15:48:02.787723,-0.12646091598336817,-0.9897946685315581,0.06553546960508197,0.0,-0.9912129960613841,0.12352268209595492,-0.047113589844594024,0.0,0.03853840504924376,-0.07091900231311288,-0.9967373206854316,0.0,0.0748757423940943,-0.4237516857043741,0.18438445531122452,1.0
2024-07-12T15:48:02.787723,-0.12646091598336817,-0.9897946685315581,0.06553546960508197,0.0,-0.9912129960613841,0.12352268209595492,-0.047113589844594024,0.0,0.03853840504924376,-0.07091900231311288,-0.9967373206854316,0.0,0.0748757423940943,-0.4237516857043741,0.18438445531122452,1.0
2024-07-12T15:48:03.430371,-0.12645139682430603,-0.9897963947992894,0.06552776499103134,0.0,-0.991214117807884,0.12351339429229424,-0.04711433953631298,0.0,0.038540788771575886,-0.07091108507045515,-0.9967377918063484,0.0,0.07487686681492302,-0.42375163783626374,0.18438289294198676,1.0
2024-07-12T15:48:03.430371,-0.12645139682430603,-0.9897963947992894,0.06552776499103134,0.0,-0.991214117807884,0.12351339429229424,-0.04711433953631298,0.0,0.038540788771575886,-0.07091108507045515,-0.9967377918063484,0.0,0.07487686681492302,-0.42375163783626374,0.18438289294198676,1.0
2024-07-12T15:48:04.125024,-0.12646151153415702,-0.9897940756419485,0.06554327445135433,0.0,-0.9912129762208987,0.12352300726252294,-0.04711315473770789,0.0,0.03853696103403942,-0.07092671046042667,-0.9967368280431519,0.0,0.07487417018304701,-0.4237550132883998,0.18438779826586127,1.0
2024-07-12T15:48:04.125024,-0.12646151153415702,-0.9897940756419485,0.06554327445135433,0.0,-0.9912129762208987,0.12352300726252294,-0.04711315473770789,0.0,0.03853696103403942,-0.07092671046042667,-0.9967368280431519,0.0,0.07487417018304701,-0.4237550132883998,0.18438779826586127,1.0
2024-07-12T15:48:04.799273,-0.12644984376945959,-0.9897956315045014,0.06554228990882695,0.0,-0.9912144083367292,0.12351132562672185,-0.04711365034473247,0.0,0.03853841216805333,-0.0709253413711168,-0.9967368693586868,0.0,0.07487883702032784,-0.4237540995523256,0.18438708617097807,1.0
2024-07-12T15:48:04.799273,-0.12644984376945959,-0.9897956315045014,0.06554228990882695,0.0,-0.9912144083367292,0.12351132562672185,-0.04711365034473247,0.0,0.03853841216805333,-0.0709253413711168,-0.9967368693586868,0.0,0.07487883702032784,-0.4237540995523256,0.18438708617097807,1.0
2024-07-12T15:48:05.472218,-0.126456303680124,-0.9897951420498308,0.0655372179400667,0.0,-0.9912135799001239,0.12351799514844176,-0.04711359461236978,0.0,0.03853852329026137,-0.07092055687932017,-0.9967372055033028,0.0,0.07487623522991974,-0.42375343605514854,0.1843850857111068,1.0
2024-07-12T15:48:05.472218,-0.126456303680124,-0.9897951420498308,0.0655372179400667,0.0,-0.9912135799001239,0.12351799514844176,-0.04711359461236978,0.0,0.03853852329026137,-0.07092055687932017,-0.9967372055033028,0.0,0.07487623522991974,-0.42375343605514854,0.1843850857111068,1.0
2024-07-12T15:48:06.165703,-0.12645410752663003,-0.9897953609457618,0.06553814950928025,0.0,-0.9912139103182541,0.12351585522365101,-0.04711225319568638,0.0,0.03853723103149445,-0.07092122883497026,-0.99673720765554,0.0,0.07487399679087814,-0.4237531139366194,0.18438530532110847,1.0
2024-07-12T15:48:06.165703,-0.12645410752663003,-0.9897953609457618,0.06553814950928025,0.0,-0.9912139103182541,0.12351585522365101,-0.04711225319568638,0.0,0.03853723103149445,-0.07092122883497026,-0.99673720765554,0.0,0.07487399679087814,-0.4237531139366194,0.18438530532110847,1.0
2024-07-12T15:48:06.866316,-0.12646276502979242,-0.9897948082815203,0.06552979063888602,0.0,-0.9912127357360798,0.12352474969555657,-0.047113645883697486,0.0,0.038539033104438875,-0.07091345028413357,-0.99673769141945,0.0,0.07487535368710364,-0.42375090284555395,0.1843825673457435,1.0
2024-07-12T15:48:06.866316,-0.12646276502979242,-0.9897948082815203,0.06552979063888602,0.0,-0.9912127357360798,0.12352474969555657,-0.047113645883697486,0.0,0.038539033104438875,-0.07091345028413357,-0.99673769141945,0.0,0.07487535368710364,-0.42375090284555395,0.1843825673457435,1.0
2024-07-12T15:48:07.615006,-0.12646112432054488,-0.9897942264324362,0.06554174439094236,0.0,-0.99121283972075,0.12352235218610846,-0.0471177438376024,0.0,0.038541742427406024,-0.07092574697956161,-0.9967367117278518,0.0,0.07487797296668594,-0.4237552765760259,0.1843866285852697,1.0
2024-07-12T15:48:07.615006,-0.12646112432054488,-0.9897942264324362,0.06554174439094236,0.0,-0.99121283972075,0.12352235218610846,-0.0471177438376024,0.0,0.038541742427406024,-0.07092574697956161,-0.9967367117278518,0.0,0.07487797296668594,-0.4237552765760259,0.1843866285852697,1.0
2024-07-12T15:48:08.350072,-0.12650090233448674,-0.9898036839363642,0.06532178714464906,0.0,-0.9912126061797741,0.12358134823585956,-0.046967718911137935,0.0,0.03841700632623847,-0.07069059871190016,-0.996758231909164,0.0,0.07481095811312719,-0.42361350281431936,0.18430376053120967,1.0
2024-07-12T15:48:08.350072,-0.12650090233448674,-0.9898036839363642,0.06532178714464906,0.0,-0.9912126061797741,0.12358134823585956,-0.046967718911137935,0.0,0.03841700632623847,-0.07069059871190016,-0.996758231909164,0.0,0.07481095811312719,-0.42361350281431936,0.18430376053120967,1.0
2024-07-12T15:48:09.103714,-0.12728954534735126,-0.9896971366767157,0.0654040992628371,0.0,-0.9911142498027332,0.12436799979562499,-0.04696691778272159,0.0,0.03834958539269292,-0.07080269555713165,-0.9967528718805142,0.0,0.07447515064521111,-0.4236116645863044,0.18430317260867707,1.0
2024-07-12T15:48:09.103714,-0.12728954534735126,-0.9896971366767157,0.0654040992628371,0.0,-0.9911142498027332,0.12436799979562499,-0.04696691778272159,0.0,0.03834958539269292,-0.07080269555713165,-0.9967528718805142,0.0,0.07447515064521111,-0.4236116645863044,0.18430317260867707,1.0
2024-07-12T15:48:09.902800,-0.12637249544948953,-0.9898042344466652,0.06556154945185376,0.0,-0.9912239745523964,0.12343279767319028,-0.0471181879143048,0.0,0.03854607857986,-0.07094198846638114,-0.9967353882041868,0.0,0.07491708590806118,-0.42376093945177035,0.18439237951878984,1.0
2024-07-12T15:48:09.902800,-0.12637249544948953,-0.9898042344466652,0.06556154945185376,0.0,-0.9912239745523964,0.12343279767319028,-0.0471181879143048,0.0,0.03854607857986,-0.07094198846638114,-0.9967353882041868,0.0,0.07491708590806118,-0.42376093945177035,0.18439237951878984,1.0
2024-07-12T15:48:10.680386,-0.1263992748483616,-0.9898030593317455,0.06552765795092894,0.0,-0.9912209045956736,0.12346172537354148,-0.04710697996614896,0.0,0.03853721713691322,-0.07090803769762799,-0.9967381466991289,0.0,0.07490357054331036,-0.4237444757358323,0.1843816863458149,1.0
2024-07-12T15:48:10.680386,-0.1263992748483616,-0.9898030593317455,0.06552765795092894,0.0,-0.9912209045956736,0.12346172537354148,-0.04710697996614896,0.0,0.03853721713691322,-0.07090803769762799,-0.9967381466991289,0.0,0.07490357054331036,-0.4237444757358323,0.1843816863458149,1.0
2024-07-12T15:48:11.504379,-0.12642461678206043,-0.9898011255316185,0.06550797714063757,0.0,-0.9912176553802421,0.12348787855759516,-0.04710679794943339,0.0,0.03853766247426575,-0.07088948723093323,-0.99673944898913,0.0,0.07489359553726907,-0.423739084894584,0.18437410316149996,1.0
2024-07-12T15:48:11.504379,-0.12642461678206043,-0.9898011255316185,0.06550797714063757,0.0,-0.9912176553802421,0.12348787855759516,-0.04710679794943339,0.0,0.03853766247426575,-0.07088948723093323,-0.99673944898913,0.0,0.07489359553726907,-0.423739084894584,0.18437410316149996,1.0
2024-07-12T15:48:12.313476,-0.12643072599167113,-0.9898005512151257,0.06550486425190497,0.0,-0.991216649874043,0.12349369715869948,-0.047112701851649036,0.0,0.038543482475125485,-0.07088736999429802,-0.9967393745277555,0.0,0.07489189323159787,-0.4237425848747621,0.18437320360250256,1.0
2024-07-12T15:48:12.313476,-0.12643072599167113,-0.9898005512151257,0.06550486425190497,0.0,-0.991216649874043,0.12349369715869948,-0.047112701851649036,0.0,0.038543482475125485,-0.07088736999429802,-0.9967393745277555,0.0,0.07489189323159787,-0.4237425848747621,0.18437320360250256,1.0
2024-07-12T15:48:13.160053,-0.12641105422940507,-0.9898035048699253,0.0654981985785147,0.0,-0.9912192161302115,0.12347452063906074,-0.047108971845834555,0.0,0.0385420088247251,-0.07087953249827311,-0.9967399888780328,0.0,0.07489381033965901,-0.42373942108839463,0.1843700469706535,1.0
2024-07-12T15:48:13.160053,-0.12641105422940507,-0.9898035048699253,0.0654981985785147,0.0,-0.9912192161302115,0.12347452063906074,-0.047108971845834555,0.0,0.0385420088247251,-0.07087953249827311,-0.9967399888780328,0.0,0.07489381033965901,-0.42373942108839463,0.1843700469706535,1.0
2024-07-12T15:48:13.982386,-0.1264151957090583,-0.9898027601211182,0.06550145992010122,0.0,-0.9912186607107863,0.12347844150821463,-0.047110381473998875,0.0,0.038542709492469546,-0.07088310218993715,-0.9967397079322715,0.0,0.07489730760676094,-0.4237401464359573,0.18437195922706873,1.0
2024-07-12T15:48:13.982386,-0.1264151957090583,-0.9898027601211182,0.06550145992010122,0.0,-0.9912186607107863,0.12347844150821463,-0.047110381473998875,0.0,0.038542709492469546,-0.07088310218993715,-0.9967397079322715,0.0,0.07489730760676094,-0.4237401464359573,0.18437195922706873,1.0
2024-07-12T15:48:14.875716,-0.1264242669329213,-0.9898016823081535,0.06550023917232027,0.0,-0.9912175505897297,0.1234876234644454,-0.047109671567616605,0.0,0.038541505342278834,-0.07088215702998717,-0.9967398217091195,0.0,0.07489251477216936,-0.4237397957923116,0.18437179365804007,1.0
2024-07-12T15:48:14.875716,-0.1264242669329213,-0.9898016823081535,0.06550023917232027,0.0,-0.9912175505897297,0.1234876234644454,-0.047109671567616605,0.0,0.038541505342278834,-0.07088215702998717,-0.9967398217091195,0.0,0.07489251477216936,-0.4237397957923116,0.18437179365804007,1.0
2024-07-12T15:48:15.717749,-0.12642574564138953,-0.9898014716381208,0.06550056857186198,0.0,-0.9912173690685127,0.1234890940606471,-0.04710963602263535,0.0,0.03854132323004788,-0.07088253682183294,-0.9967398017423494,0.0,0.07489142511601837,-0.423740115880238,0.18437189082058436,1.0
2024-07-12T15:48:15.717749,-0.12642574564138953,-0.9898014716381208,0.06550056857186198,0.0,-0.9912173690685127,0.1234890940606471,-0.04710963602263535,0.0,0.03854132323004788,-0.07088253682183294,-0.9967398017423494,0.0,0.07489142511601837,-0.423740115880238,0.18437189082058436,1.0
2024-07-12T15:48:16.613917,-0.12643401388408473,-0.9898004156178941,0.06550056699763332,0.0,-0.9912162768518011,0.12349726271150019,-0.047111203635956604,0.0,0.038542290267392365,-0.07088305144407266,-0.9967397277518947,0.0,0.07489065678615868,-0.4237405025843513,0.18437207970512465,1.0
2024-07-12T15:48:16.613917,-0.12643401388408473,-0.9898004156178941,0.06550056699763332,0.0,-0.9912162768518011,0.12349726271150019,-0.047111203635956604,0.0,0.038542290267392365,-0.07088305144407266,-0.9967397277518947,0.0,0.07489065678615868,-0.4237405025843513,0.18437207970512465,1.0
2024-07-12T15:48:17.536971,-0.1264244183666977,-0.9898018252400897,0.06549778693389025,0.0,-0.9912175003675231,0.12348783421329922,-0.047110175840006686,0.0,0.03854230023830412,-0.07087979387961481,-0.9967399590223739,0.0,0.0748926029411728,-0.4237394477131437,0.18437084857127314,1.0
2024-07-12T15:48:17.536971,-0.1264244183666977,-0.9898018252400897,0.06549778693389025,0.0,-0.9912175003675231,0.12348783421329922,-0.047110175840006686,0.0,0.03854230023830412,-0.07087979387961481,-0.9967399590223739,0.0,0.0748926029411728,-0.4237394477131437,0.18437084857127314,1.0
2024-07-12T15:48:18.432343,-0.12643143760803552,-0.9898011268536155,0.0654947918913146,0.0,-0.9912165575829952,0.12349488276718601,-0.04711153579372693,0.0,0.03854352165218637,-0.07087726596345065,-0.9967400915525539,0.0,0.07489158999961902,-0.42373926728740496,0.18436980255732793,1.0
2024-07-12T15:48:18.432343,-0.12643143760803552,-0.9898011268536155,0.0654947918913146,0.0,-0.9912165575829952,0.12349488276718601,-0.04711153579372693,0.0,0.03854352165218637,-0.07087726596345065,-0.9967400915525539,0.0,0.07489158999961902,-0.42373926728740496,0.18436980255732793,1.0
2024-07-12T15:48:19.374421,-0.12642363279581859,-0.9898016250973612,0.06550232764214506,0.0,-0.9912176748946246,0.12348697213243713,-0.04710876342322449,0.0,0.03854038850638678,-0.07088409065251569,-0.996739727384307,0.0,0.07489037222267167,-0.4237412932987126,0.18437284735055345,1.0
2024-07-12T15:48:19.374421,-0.12642363279581859,-0.9898016250973612,0.06550232764214506,0.0,-0.9912176748946246,0.12348697213243713,-0.04710876342322449,0.0,0.03854038850638678,-0.07088409065251569,-0.996739727384307,0.0,0.07489037222267167,-0.4237412932987126,0.18437284735055345,1.0
