timestamp,attribute_name,values
2024-07-11T11:08:12.837608,elbow,0.20214384215338185,-1.0
2024-07-11T11:08:12.837608,O_T_EE,-0.057713060094687,-0.9978926919725216,0.02932788610774584,0.0,-0.9976298402597504,0.05655308901841886,-0.03895121111066644,0.0,0.037211262789158185,-0.031506974527310626,-0.9988106089133071,0.0,0.048723759339596176,-0.406411132106638,0.1498648307457635,1.0
2024-07-11T11:08:12.837608,tau_J_d,0.0,0.0,0.0,0.0,0.0,0.0,0.0
2024-07-11T11:08:12.837608,q,-1.6501451219674117,-0.0797054111833572,0.20214384215338185,-2.7191835215714986,0.10917254934133744,2.674555882983733,0.8683747876783173
2024-07-11T11:08:12.837608,q_d,-1.6501376951958469,-0.07970544073797127,0.20214384215338185,-2.719186201314802,0.1091725097828194,2.674555882983737,0.8683668913731327
2024-07-11T11:08:12.837608,dq,-0.00027930131487693223,0.00035741184918611446,-0.00011185800895060466,0.000682578087910261,0.00013026843755424268,-9.678295166736978e-05,0.0011248363660651046
2024-07-11T11:08:12.837608,tau_J,-0.2997068762779236,-20.505483627319336,-0.7329205274581909,16.498788833618164,0.465415358543396,2.520336151123047,-0.10999658703804016
2024-07-11T11:08:12.837608,dtau_J,59.72529983520508,-130.69203186035156,46.9796028137207,-44.875343322753906,-2.704305648803711,3.087186813354492,-32.07939910888672
2024-07-11T11:08:12.837608,O_F_ext_hat_K,-0.863386665704499,-0.06474080489926265,-1.0871155411242397,0.15653306724531654,-0.565752072469876,-0.28680480303560324
2024-07-11T11:08:12.837608,m_ee,0.7300000190734863
2024-07-11T11:08:12.837608,tau_ext_hat_filtered,-0.30138097975279077,0.15644985766833058,-0.29196201662103755,-0.054321621697085994,0.14982152869633047,0.21369928233624225,-0.06462725281649197
2024-07-11T11:08:12.837608,joint_contact,0.0,0.0,0.0,0.0,0.0,0.0,0.0
2024-07-11T11:08:12.837608,joint_collision,0.0,0.0,0.0,0.0,0.0,0.0,0.0
2024-07-11T11:08:12.837608,cartesian_collision,0.0,0.0,0.0,0.0,0.0,0.0
2024-07-11T11:08:12.847591,elbow,0.20214384506956704,-1.0
2024-07-11T11:08:12.847591,O_T_EE,-0.05770300649394921,-0.9978931897939469,0.02933072971525017,0.0,-0.9976304326056544,0.056542946235590655,-0.038950764707026776,0.0,0.037210973391615276,-0.031509411457110115,-0.9988105428202463,0.0,0.048724538555936156,-0.40641126893667046,0.1498658783366244,1.0
2024-07-11T11:08:12.847591,tau_J_d,0.0,0.0,0.0,0.0,0.0,0.0,0.0
2024-07-11T11:08:12.847591,q,-1.6501429770723306,-0.07970862745045075,0.20214384506956704,-2.7191842118649614,0.10917250978306743,2.6745558808841645,0.8683668928446281
2024-07-11T11:08:12.847591,q_d,-1.6501376951958469,-0.07970544073797127,0.20214384215338185,-2.719186201314802,0.1091725097828194,2.674555882983737,0.8683668913731327
2024-07-11T11:08:12.847591,dq,-0.0005814462863830157,-0.000470113809444229,0.0036009353144556677,0.000277403384730962,0.0003169831390620926,-0.00013391411162565659,-0.0007975010255219158
2024-07-11T11:08:12.847591,tau_J,-0.2997068762779236,-20.469778060913086,-0.7329205274581909,16.538461685180664,0.465415358543396,2.520336151123047,-0.03858545795083046
2024-07-11T11:08:12.847591,dtau_J,-2.8280155658721924,63.86994171142578,38.930545806884766,-34.77385330200195,-3.633861780166626,10.986963272094727,-2.7476882934570312
2024-07-11T11:08:12.847591,O_F_ext_hat_K,-0.9521277753145183,-0.09414994347129485,-1.0748262365666728,0.16211012909616554,-0.597748186858637,-0.31955492887279685
2024-07-11T11:08:12.847591,m_ee,0.7300000190734863
2024-07-11T11:08:12.847591,tau_ext_hat_filtered,-0.33401671487871804,0.1524403470441359,-0.32495804224785524,-0.045081212741715886,0.1531222770103133,0.2149349207415926,-0.06855352095086648
2024-07-11T11:08:12.847591,joint_contact,0.0,0.0,0.0,0.0,0.0,0.0,0.0
2024-07-11T11:08:12.847591,joint_collision,0.0,0.0,0.0,0.0,0.0,0.0,0.0
2024-07-11T11:08:12.847591,cartesian_collision,0.0,0.0,0.0,0.0,0.0,0.0
2024-07-11T11:08:12.857655,elbow,0.2021413364996154,-1.0
2024-07-11T11:08:12.857655,O_T_EE,-0.05770697276960143,-0.9978931041978434,0.029325838255175114,0.0,-0.9976302317053297,0.05654712258401384,-0.03894984744831598,0.0,0.03721020881936459,-0.03150462716124265,-0.9988107222227095,0.0,0.04872329187468427,-0.40640924929880623,0.1498642098463317,1.0
2024-07-11T11:08:12.857655,tau_J_d,0.0,0.0,0.0,0.0,0.0,0.0,0.0
2024-07-11T11:08:12.857655,q,-1.6501429760790762,-0.07970791684100098,0.2021413364996154,-2.719188095036493,0.10917149253023996,2.6745555297710157,0.868369232525842
2024-07-11T11:08:12.857655,q_d,-1.6501376951958469,-0.07970544073797127,0.20214384215338185,-2.719186201314802,0.1091725097828194,2.674555882983737,0.8683668913731327
2024-07-11T11:08:12.857655,dq,-0.0005908926487024048,-0.00022595072097762012,-0.0018576539409587436,-0.00033136196690220724,0.00012931455599140477,-0.00014312354699495673,-0.0006699289636558127
2024-07-11T11:08:12.857655,tau_J,-0.2997068762779236,-20.469778060913086,-0.6972149610519409,16.574167251586914,0.474570631980896,2.520336151123047,-0.05964258685708046
2024-07-11T11:08:12.857655,dtau_J,98.54032897949219,96.46292877197266,44.86154556274414,56.756378173828125,-3.93881893157959,7.182291507720947,29.837833404541016
2024-07-11T11:08:12.857655,O_F_ext_hat_K,-0.8566140159005892,-0.06960875928604773,-1.058742204062269,0.14860765781572588,-0.5734438671658345,-0.2803719959255629
2024-07-11T11:08:12.857655,m_ee,0.7300000190734863
2024-07-11T11:08:12.857655,tau_ext_hat_filtered,-0.29753491409062177,0.14767940496952683,-0.28372057013349306,-0.04334566136733284,0.150610194531578,0.21456463818002738,-0.06853880810341417
2024-07-11T11:08:12.857655,joint_contact,0.0,0.0,0.0,0.0,0.0,0.0,0.0
2024-07-11T11:08:12.857655,joint_collision,0.0,0.0,0.0,0.0,0.0,0.0,0.0
2024-07-11T11:08:12.857655,cartesian_collision,0.0,0.0,0.0,0.0,0.0,0.0
2024-07-11T11:08:12.867579,elbow,0.20214662912932582,-1.0
2024-07-11T11:08:12.867579,O_T_EE,-0.05770443573607243,-0.997893311597559,0.029323773059527023,0.0,-0.9976303492257036,0.05654464461176869,-0.03895043479523235,0.0,0.03721099246656617,-0.031502505340372265,-0.9988107599525212,0.0,0.04872615568570722,-0.40640824929593433,0.14986469092183002,1.0
2024-07-11T11:08:12.867579,tau_J_d,0.0,0.0,0.0,0.0,0.0,0.0,0.0
2024-07-11T11:08:12.867579,q,-1.6501409072750493,-0.07971070396409265,0.20214662912932582,-2.7191887674566124,0.10917454428805246,2.6745516386150254,0.8683714704811571
2024-07-11T11:08:12.867579,q_d,-1.6501376951958469,-0.07970544073797127,0.20214384215338185,-2.719186201314802,0.1091725097828194,2.674555882983737,0.8683668913731327
2024-07-11T11:08:12.867579,dq,1.619747791382297e-05,-0.0008127896881632888,0.0009938475305923224,-0.0016250066455182018,0.0021197252261641163,-7.350267380795708e-05,0.0008076975445271086
2024-07-11T11:08:12.867579,tau_J,-0.3393797278404236,-20.430105209350586,-0.7725933790206909,16.574167251586914,0.447104811668396,2.520336151123047,-0.07978418469429016
2024-07-11T11:08:12.867579,dtau_J,-38.87729263305664,166.68838500976562,-136.36131286621094,63.40522766113281,-21.147642135620117,17.993242263793945,15.571613311767578
2024-07-11T11:08:12.867579,O_F_ext_hat_K,-0.8765960055374755,-0.15349670038131616,-0.9936052305933235,0.15050852398703413,-0.5848513637166176,-0.29085762118384584
2024-07-11T11:08:12.867579,m_ee,0.7300000190734863
2024-07-11T11:08:12.867579,tau_ext_hat_filtered,-0.3099146753718006,0.1220678540273329,-0.29276218677974364,0.005169139809600848,0.15233447871374267,0.22237060372692266,-0.06975343674586919
2024-07-11T11:08:12.867579,joint_contact,0.0,0.0,0.0,0.0,0.0,0.0,0.0
2024-07-11T11:08:12.867579,joint_collision,0.0,0.0,0.0,0.0,0.0,0.0,0.0
2024-07-11T11:08:12.867579,cartesian_collision,0.0,0.0,0.0,0.0,0.0,0.0
2024-07-11T11:08:12.877638,elbow,0.2021438421533983,-1.0
2024-07-11T11:08:12.877638,O_T_EE,-0.0577033928806246,-0.9978932521913843,0.029327846531493208,0.0,-0.9976304267968056,0.056543458678674836,-0.03895016958993621,0.0,0.037210529945028534,-0.03150651558891712,-0.99881065069244,0.0,0.048724246185663456,-0.40640933858875294,0.1498642075688643,1.0
2024-07-11T11:08:12.877638,tau_J_d,0.0,0.0,0.0,0.0,0.0,0.0,0.0
2024-07-11T11:08:12.877638,q,-1.6501429760831083,-0.07970791781133976,0.2021438421533983,-2.719188783812849,0.10917250978284412,2.6745582226407674,0.8683671327979665
2024-07-11T11:08:12.877638,q_d,-1.6501376951958469,-0.07970544073797127,0.20214384215338185,-2.719186201314802,0.1091725097828194,2.674555882983737,0.8683668913731327
2024-07-11T11:08:12.877638,dq,-0.00020398372370624278,0.00014391072303516304,0.0014627473987124952,-0.00031288572510910205,3.570951535204325e-05,0.0004916007112653358,0.0006292549882246488
2024-07-11T11:08:12.877638,tau_J,-0.2997068762779236,-20.469778060913086,-0.7329205274581909,16.574167251586914,0.465415358543396,2.499279022216797,-0.06971338391304016
2024-07-11T11:08:12.877638,dtau_J,9.398735046386719,27.429485321044922,-33.11717987060547,77.34466552734375,-22.953807830810547,-18.055938720703125,-6.696051120758057
2024-07-11T11:08:12.877638,O_F_ext_hat_K,-0.9961767559137894,-0.057713885759755196,-1.1382432563623919,0.1732341011492931,-0.606918934187245,-0.3362122057174364
2024-07-11T11:08:12.877638,m_ee,0.7300000190734863
2024-07-11T11:08:12.877638,tau_ext_hat_filtered,-0.3546887313507272,0.17513594634666704,-0.3368400644105616,-0.07874736753832078,0.15588555677269983,0.21058847306970685,-0.06870862061942705
2024-07-11T11:08:12.877638,joint_contact,0.0,0.0,0.0,0.0,0.0,0.0,0.0
2024-07-11T11:08:12.877638,joint_collision,0.0,0.0,0.0,0.0,0.0,0.0,0.0
2024-07-11T11:08:12.877638,cartesian_collision,0.0,0.0,0.0,0.0,0.0,0.0
2024-07-11T11:08:12.887523,elbow,0.20214455082238314,-1.0
2024-07-11T11:08:12.887523,O_T_EE,-0.05770316188160403,-0.9978933693219694,0.029324315393909044,0.0,-0.9976304260138996,0.0565433538247837,-0.038950341857020024,0.0,0.03721090915626702,-0.03150299367076025,-0.998810747654201,0.0,0.04872471578273177,-0.4064093739632601,0.14986375435874097,1.0
2024-07-11T11:08:12.887523,tau_J_d,0.0,0.0,0.0,0.0,0.0,0.0,0.0
2024-07-11T11:08:12.887523,q,-1.6501429849093885,-0.07970543749020044,0.20214455082238314,-2.719186287281532,0.10917250978284412,2.67455472459851,0.868367755901939
2024-07-11T11:08:12.887523,q_d,-1.6501376951958469,-0.07970544073797127,0.20214384215338185,-2.719186201314802,0.1091725097828194,2.674555882983737,0.8683668913731327
2024-07-11T11:08:12.887523,dq,-0.00037638569586368094,0.000796032398301565,0.0005361788689501413,0.000195511777286229,0.00028835124853743304,-9.404866055566045e-05,-0.0009254630101929856
2024-07-11T11:08:12.887523,tau_J,-0.2997068762779236,-20.505483627319336,-0.7329205274581909,16.538461685180664,0.465415358543396,2.530406951904297,-0.04957178607583046
2024-07-11T11:08:12.887523,dtau_J,70.50946807861328,-96.55577850341797,2.4626388549804688,-14.10809326171875,-12.404269218444824,34.78654479980469,5.915831565856934
2024-07-11T11:08:12.887523,O_F_ext_hat_K,-0.9147072634307362,-0.09652464381272265,-1.0927069868612729,0.16929051843251447,-0.5844687821513527,-0.30637462448141967
2024-07-11T11:08:12.887523,m_ee,0.7300000190734863
2024-07-11T11:08:12.887523,tau_ext_hat_filtered,-0.326457720115799,0.15865913306920884,-0.3059008405934732,-0.048069205996348605,0.15314860217622106,0.2140902023846453,-0.0676081028653753
2024-07-11T11:08:12.887523,joint_contact,0.0,0.0,0.0,0.0,0.0,0.0,0.0
2024-07-11T11:08:12.887523,joint_collision,0.0,0.0,0.0,0.0,0.0,0.0,0.0
2024-07-11T11:08:12.887523,cartesian_collision,0.0,0.0,0.0,0.0,0.0,0.0
2024-07-11T11:08:12.897512,elbow,0.20214455082238314,-1.0
2024-07-11T11:08:12.897512,O_T_EE,-0.05770316188160403,-0.9978933693219694,0.029324315393909044,0.0,-0.9976304260138996,0.0565433538247837,-0.038950341857020024,0.0,0.03721090915626702,-0.03150299367076025,-0.998810747654201,0.0,0.04872471578273177,-0.4064093739632601,0.14986375435874097,1.0
2024-07-11T11:08:12.897512,tau_J_d,0.0,0.0,0.0,0.0,0.0,0.0,0.0
2024-07-11T11:08:12.897512,q,-1.6501429849093885,-0.07970543749020044,0.20214455082238314,-2.719186287281532,0.10917250978284412,2.67455472459851,0.868367755901939
2024-07-11T11:08:12.897512,q_d,-1.6501376951958469,-0.07970544073797127,0.20214384215338185,-2.719186201314802,0.1091725097828194,2.674555882983737,0.8683668913731327
2024-07-11T11:08:12.897512,dq,-0.00037638569586368094,0.000796032398301565,0.0005361788689501413,0.000195511777286229,0.00028835124853743304,-9.404866055566045e-05,-0.0009254630101929856
2024-07-11T11:08:12.897512,tau_J,-0.2997068762779236,-20.505483627319336,-0.7329205274581909,16.538461685180664,0.465415358543396,2.530406951904297,-0.04957178607583046
2024-07-11T11:08:12.897512,dtau_J,70.50946807861328,-96.55577850341797,2.4626388549804688,-14.10809326171875,-12.404269218444824,34.78654479980469,5.915831565856934
2024-07-11T11:08:12.897512,O_F_ext_hat_K,-0.9147072634307362,-0.09652464381272265,-1.0927069868612729,0.16929051843251447,-0.5844687821513527,-0.30637462448141967
2024-07-11T11:08:12.897512,m_ee,0.7300000190734863
2024-07-11T11:08:12.897512,tau_ext_hat_filtered,-0.326457720115799,0.15865913306920884,-0.3059008405934732,-0.048069205996348605,0.15314860217622106,0.2140902023846453,-0.0676081028653753
2024-07-11T11:08:12.897512,joint_contact,0.0,0.0,0.0,0.0,0.0,0.0,0.0
2024-07-11T11:08:12.897512,joint_collision,0.0,0.0,0.0,0.0,0.0,0.0,0.0
2024-07-11T11:08:12.897512,cartesian_collision,0.0,0.0,0.0,0.0,0.0,0.0
2024-07-11T11:08:12.937875,elbow,0.20214662621319002,-1.0
2024-07-11T11:08:12.937875,O_T_EE,-0.05770006632154106,-0.9978935674180976,0.029323665413472054,0.0,-0.9976305987651333,0.0565402822100492,-0.03895037607441051,0.0,0.03721107784381712,-0.03150223168275166,-0.9988107654028904,0.0,0.04872542666982488,-0.40640860137896306,0.1498632050315081,1.0
2024-07-11T11:08:12.937875,tau_J_d,0.0,0.0,0.0,0.0,0.0,0.0,0.0
2024-07-11T11:08:12.937875,q,-1.65014297902251,-0.07970541118499122,0.20214662621319002,-2.719188095046381,0.10917352703544829,2.674555882983663,0.8683657606214862
2024-07-11T11:08:12.937875,q_d,-1.6501376951958469,-0.07970544073797127,0.20214384215338185,-2.719186201314802,0.1091725097828194,2.674555882983737,0.8683668913731327
2024-07-11T11:08:12.937875,dq,-0.0005516674790676068,0.0005938001598213104,0.004355310526359795,-0.0001651857460083982,0.0004568153286515539,-0.00014389996673553934,-0.0011791834186015843
2024-07-11T11:08:12.937875,tau_J,-0.2997068762779236,-20.505483627319336,-0.7725933790206909,16.574167251586914,0.456260085105896,2.520336151123047,-0.02851465716958046
2024-07-11T11:08:12.937875,dtau_J,58.98413848876953,-116.62555694580078,-102.4668197631836,44.22650146484375,2.9639015197753906,15.969388008117676,1.2872333526611328
2024-07-11T11:08:12.937875,O_F_ext_hat_K,-0.9419502848210656,-0.12863416758306156,-1.0656104824838692,0.1690959301748963,-0.5906488303341579,-0.318916244265264
2024-07-11T11:08:12.937875,m_ee,0.7300000190734863
2024-07-11T11:08:12.937875,tau_ext_hat_filtered,-0.3400956013989078,0.14755784264084046,-0.3171167828943359,-0.030168016565395195,0.15346754141525001,0.2172709968492578,-0.06759674033955591
2024-07-11T11:08:12.937875,joint_contact,0.0,0.0,0.0,0.0,0.0,0.0,0.0
2024-07-11T11:08:12.937875,joint_collision,0.0,0.0,0.0,0.0,0.0,0.0,0.0
2024-07-11T11:08:12.937875,cartesian_collision,0.0,0.0,0.0,0.0,0.0,0.0
2024-07-11T11:08:12.978805,elbow,0.20214686242429394,-1.0
2024-07-11T11:08:12.978805,O_T_EE,-0.05770450241500818,-0.9978932736768943,0.02932493227026673,0.0,-0.9976303691501253,0.05654468609343041,-0.03894986425122215,0.0,0.03721035487162779,-0.03150363208437838,-0.9988107481679498,0.0,0.04872542644479531,-0.4064086259365212,0.1498638127975899,1.0
2024-07-11T11:08:12.978805,tau_J_d,0.0,0.0,0.0,0.0,0.0,0.0,0.0
2024-07-11T11:08:12.978805,q,-1.6501429760791204,-0.0797075450123523,0.20214686242429394,-2.7191887838129407,0.10917250978284412,2.6745558393771316,0.868371351211303
2024-07-11T11:08:12.978805,q_d,-1.6501376951958469,-0.07970544073797127,0.20214384215338185,-2.719186201314802,0.1091725097828194,2.674555882983737,0.8683668913731327
2024-07-11T11:08:12.978805,dq,-0.0011857431464139306,0.0006332148922521936,0.003970676245530637,-2.4476605325703788e-05,-8.951941424600861e-05,-9.122075938904852e-05,0.0009146410817293042
2024-07-11T11:08:12.978805,tau_J,-0.2997068762779236,-20.505483627319336,-0.7725933790206909,16.574167251586914,0.465415358543396,2.520336151123047,-0.07978418469429016
2024-07-11T11:08:12.978805,dtau_J,86.17280578613281,-31.129589080810547,-13.621222496032715,55.08354949951172,-4.338630199432373,7.471385955810547,-42.19813537597656
2024-07-11T11:08:12.978805,O_F_ext_hat_K,-0.8537799168862049,-0.057443666016329706,-1.1191164502429476,0.16761993989225724,-0.5497146210280661,-0.28813142684021364
2024-07-11T11:08:12.978805,m_ee,0.7300000190734863
2024-07-11T11:08:12.978805,tau_ext_hat_filtered,-0.306398154263138,0.16885266884319217,-0.28837495552374054,-0.06942746127404664,0.1492676377777465,0.20982471308389963,-0.059968102344992495
2024-07-11T11:08:12.978805,joint_contact,0.0,0.0,0.0,0.0,0.0,0.0,0.0
2024-07-11T11:08:12.978805,joint_collision,0.0,0.0,0.0,0.0,0.0,0.0,0.0
2024-07-11T11:08:12.978805,cartesian_collision,0.0,0.0,0.0,0.0,0.0,0.0
2024-07-11T11:08:13.019844,elbow,0.202141336823625,-1.0
2024-07-11T11:08:13.019844,O_T_EE,-0.057706653978884796,-0.9978931876471439,0.029323625887527998,0.0,-0.9976302627547576,0.0565469012234446,-0.03894937353934689,0.0,0.03720987074678041,-0.03150238113908233,-0.9988108056591978,0.0,0.04872338919019787,-0.4064093158364951,0.14986446442329482,1.0
2024-07-11T11:08:13.019844,tau_J_d,0.0,0.0,0.0,0.0,0.0,0.0,0.0
2024-07-11T11:08:13.019844,q,-1.6501429760790707,-0.0797079198682493,0.202141336823625,-2.719186278147496,0.10917047527763579,2.674551465359797,0.8683699938209148
2024-07-11T11:08:13.019844,q_d,-1.6501376951958469,-0.07970544073797127,0.20214384215338185,-2.719186201314802,0.1091725097828194,2.674555882983737,0.8683668913731327
2024-07-11T11:08:13.019844,dq,0.0006077540264726889,0.00010589476037847107,-0.0010919826279094196,0.0001306564825599981,-0.0005339074419328466,-0.00042723861772046856,0.0011356408480454197
2024-07-11T11:08:13.019844,tau_J,-0.2997068762779236,-20.469778060913086,-0.6972149610519409,16.538461685180664,0.483725905418396,2.530406951904297,-0.06971338391304016
2024-07-11T11:08:13.019844,dtau_J,13.286849975585938,39.42578887939453,57.696224212646484,-50.61701965332031,22.61822509765625,10.349716186523438,-24.281539916992188
2024-07-11T11:08:13.019844,O_F_ext_hat_K,-0.8528071197366592,-0.15059663209242258,-1.0631745236785584,0.17480387023389377,-0.5544372271893968,-0.29283708345707643
2024-07-11T11:08:13.019844,m_ee,0.7300000190734863
2024-07-11T11:08:13.019844,tau_ext_hat_filtered,-0.308190749688999,0.14552870931825934,-0.2966267064995245,-0.018693398093325833,0.1509719453645849,0.2186114042902607,-0.05836676936906975
2024-07-11T11:08:13.019844,joint_contact,0.0,0.0,0.0,0.0,0.0,0.0,0.0
2024-07-11T11:08:13.019844,joint_collision,0.0,0.0,0.0,0.0,0.0,0.0,0.0
2024-07-11T11:08:13.019844,cartesian_collision,0.0,0.0,0.0,0.0,0.0,0.0
2024-07-11T11:08:13.061842,elbow,0.20214384215471526,-1.0
2024-07-11T11:08:13.061842,O_T_EE,-0.05770411966993452,-0.9978933772438268,0.029322161026030562,0.0,-0.9976304327284827,0.056544447079831694,-0.03894858276785902,0.0,0.03720924380792387,-0.031500780361580244,-0.9988108795021479,0.0,0.04872516919590925,-0.40640735152998475,0.14986338959800322,1.0
2024-07-11T11:08:13.061842,tau_J_d,0.0,0.0,0.0,0.0,0.0,0.0,0.0
2024-07-11T11:08:13.061842,q,-1.6501402008496298,-0.07970887265756374,0.20214384215471526,-2.719191009053013,0.10917047527771022,2.6745538165329337,0.8683725894570025
2024-07-11T11:08:13.061842,q_d,-1.6501376951958469,-0.07970544073797127,0.20214384215338185,-2.719186201314802,0.1091725097828194,2.674555882983737,0.8683668913731327
2024-07-11T11:08:13.061842,dq,5.561467065431408e-05,-0.0005380801076336436,0.0004255294401592222,-0.006179306616472073,-0.0005622971507652934,0.0004600736647342423,0.000513936198372405
2024-07-11T11:08:13.061842,tau_J,-0.3393797278404236,-20.469778060913086,-0.7329205274581909,16.574167251586914,0.483725905418396,2.510265350341797,-0.08985498547554016
2024-07-11T11:08:13.061842,dtau_J,-58.11933898925781,82.29935455322266,-48.53487777709961,42.34813690185547,19.3188533782959,-29.860931396484375,-28.608888626098633
2024-07-11T11:08:13.061842,O_F_ext_hat_K,-0.8435180898059874,-0.0235303026662035,-1.1206347688772933,0.15750940448327277,-0.5504514842376143,-0.2829135519690944
2024-07-11T11:08:13.061842,m_ee,0.7300000190734863
2024-07-11T11:08:13.061842,tau_ext_hat_filtered,-0.2945576886196614,0.17046272991203773,-0.2903350714833502,-0.08038224490427238,0.14964000811719452,0.20844866005504686,-0.05863743211955432
2024-07-11T11:08:13.061842,joint_contact,0.0,0.0,0.0,0.0,0.0,0.0,0.0
2024-07-11T11:08:13.061842,joint_collision,0.0,0.0,0.0,0.0,0.0,0.0,0.0
2024-07-11T11:08:13.061842,cartesian_collision,0.0,0.0,0.0,0.0,0.0,0.0
2024-07-11T11:08:13.102830,elbow,0.20214662621314064,-1.0
2024-07-11T11:08:13.102830,O_T_EE,-0.05769936009574113,-0.9978934624695984,0.02932862605350551,0.0,-0.9976306378330901,0.05653938174176171,-0.0389506825384257,0.0,0.0372111255088988,-0.03150717198498135,-0.9988106077990309,0.0,0.048726540957988555,-0.4064100005738484,0.1498651818353287,1.0
2024-07-11T11:08:13.102830,tau_J_d,0.0,0.0,0.0,0.0,0.0,0.0,0.0
2024-07-11T11:08:13.102830,q,-1.6501404314190375,-0.07970870702097088,0.20214662621314064,-2.719186201629736,0.10917352703544832,2.6745557607213515,0.8683676367108192
2024-07-11T11:08:13.102830,q_d,-1.6501376951958469,-0.07970544073797127,0.20214384215338185,-2.719186201314802,0.1091725097828194,2.674555882983737,0.8683668913731327
2024-07-11T11:08:13.102830,dq,0.0002464588101640743,-0.000547806052105067,0.0015188785759101407,0.0005759171975868648,0.0007327217026059521,-0.00025470787494262737,-0.0009238337939640131
2024-07-11T11:08:13.102830,tau_J,-0.3393797278404236,-20.469778060913086,-0.7725933790206909,16.538461685180664,0.456260085105896,2.520336151123047,-0.04957178607583046
2024-07-11T11:08:13.102830,dtau_J,-39.19752502441406,-0.11910152435302734,-38.925201416015625,-70.42064666748047,-26.802898406982422,24.96174430847168,12.933273315429688
2024-07-11T11:08:13.102830,O_F_ext_hat_K,-0.9396917462298267,-0.02951591195143911,-1.1238520261667577,0.1608566538119759,-0.5784159489609312,-0.3183932483463894
2024-07-11T11:08:13.102830,m_ee,0.7300000190734863
2024-07-11T11:08:13.102830,tau_ext_hat_filtered,-0.3332724059253905,0.17144064071582915,-0.32204221360228524,-0.08436009618719517,0.15185621321698767,0.20824289067181737,-0.06247652157408117
2024-07-11T11:08:13.102830,joint_contact,0.0,0.0,0.0,0.0,0.0,0.0,0.0
2024-07-11T11:08:13.102830,joint_collision,0.0,0.0,0.0,0.0,0.0,0.0,0.0
2024-07-11T11:08:13.102830,cartesian_collision,0.0,0.0,0.0,0.0,0.0,0.0
2024-07-11T11:08:13.143868,elbow,0.2021439208903818,-1.0
2024-07-11T11:08:13.143868,O_T_EE,-0.057698006541117335,-0.9978936445776897,0.029325092563280607,0.0,-0.9976307519614002,0.05653819816213796,-0.0389494774126447,0.0,0.037210164486207536,-0.03150352788830596,-0.9988107585471334,0.0,0.0487264045215108,-0.40640849590311484,0.14986394375312115,1.0
2024-07-11T11:08:13.143868,tau_J_d,0.0,0.0,0.0,0.0,0.0,0.0,0.0
2024-07-11T11:08:13.143868,q,-1.6501376863668749,-0.07970792658046705,0.2021439208903818,-2.7191887838129403,0.10917149399514699,2.674555412033433,0.8683681135479773
2024-07-11T11:08:13.143868,q_d,-1.6501376951958469,-0.07970544073797127,0.20214384215338185,-2.719186201314802,0.1091725097828194,2.674555882983737,0.8683668913731327
2024-07-11T11:08:13.143868,dq,0.001289868047423714,-5.852888674640223e-06,-0.0003215129810368509,0.0005909086360545671,-0.00036288976598663905,-0.00013771504498004536,-0.0003603106353614535
2024-07-11T11:08:13.143868,tau_J,-0.3750852942466736,-20.469778060913086,-0.7329205274581909,16.574167251586914,0.474570631980896,2.520336151123047,-0.04957178607583046
2024-07-11T11:08:13.143868,dtau_J,-142.9091339111328,-10.864524841308594,-3.031463623046875,25.581584930419922,1.6410326957702637,3.160120725631714,-25.021045684814453
2024-07-11T11:08:13.143868,O_F_ext_hat_K,-0.8415694809189403,-0.10561071503981706,-1.0381817845691053,0.15499118702788317,-0.5535189086211331,-0.28490040703442826
2024-07-11T11:08:13.143868,m_ee,0.7300000190734863
2024-07-11T11:08:13.143868,tau_ext_hat_filtered,-0.3015763318133723,0.14091323204445813,-0.28759949111335664,-0.028791236153038958,0.15005004622814627,0.2145147949837561,-0.05983727009140488
2024-07-11T11:08:13.143868,joint_contact,0.0,0.0,0.0,0.0,0.0,0.0,0.0
2024-07-11T11:08:13.143868,joint_collision,0.0,0.0,0.0,0.0,0.0,0.0,0.0
2024-07-11T11:08:13.143868,cartesian_collision,0.0,0.0,0.0,0.0,0.0,0.0
2024-07-11T11:08:13.184881,elbow,0.20214913186692351,-1.0
2024-07-11T11:08:13.184881,O_T_EE,-0.0576986079439278,-0.9978935230114757,0.029328045865452217,0.0,-0.9976307515117265,0.05653871260467963,-0.0389487421666124,0.0,0.03720924397431303,-0.03150645523819741,-0.998810700503946,0.0,0.04872838345601112,-0.40640882175003173,0.1498650669356526,1.0
2024-07-11T11:08:13.184881,tau_J_d,0.0,0.0,0.0,0.0,0.0,0.0,0.0
2024-07-11T11:08:13.184881,q,-1.650137686365529,-0.07971072734824729,0.20214913186692351,-2.7191887838129407,0.10917047527763579,2.6745557650845866,0.8683748259430313
2024-07-11T11:08:13.184881,q_d,-1.6501376951958469,-0.07970544073797127,0.20214384215338185,-2.719186201314802,0.1091725097828194,2.674555882983737,0.8683668913731327
2024-07-11T11:08:13.184881,dq,0.0010904427526831752,-0.0018485214451456331,0.002245883794030972,0.00031544333258804813,-0.0005284042753154104,6.359952564274904e-05,0.0013268225367750095
2024-07-11T11:08:13.184881,tau_J,-0.3750852942466736,-20.430105209350586,-0.8082989454269409,16.574167251586914,0.483725905418396,2.520336151123047,-0.10999658703804016
2024-07-11T11:08:13.184881,dtau_J,-47.05044174194336,168.9594268798828,-124.35592651367188,137.27806091308594,20.32773780822754,-16.792217254638672,-40.80615234375
2024-07-11T11:08:13.184881,O_F_ext_hat_K,-0.9561895739383225,-0.06607364073091965,-1.1005852109970664,0.16357843188979448,-0.5872520603006193,-0.3244432597529933
2024-07-11T11:08:13.184881,m_ee,0.7300000190734863
2024-07-11T11:08:13.184881,tau_ext_hat_filtered,-0.34269318736670323,0.16223074531630136,-0.32491762940793684,-0.06496025208306333,0.15286677880704597,0.21132331393663994,-0.06493331553214794
2024-07-11T11:08:13.184881,joint_contact,0.0,0.0,0.0,0.0,0.0,0.0,0.0
2024-07-11T11:08:13.184881,joint_collision,0.0,0.0,0.0,0.0,0.0,0.0,0.0
2024-07-11T11:08:13.184881,cartesian_collision,0.0,0.0,0.0,0.0,0.0,0.0
2024-07-11T11:08:13.226885,elbow,0.20213883084181358,-1.0
2024-07-11T11:08:13.226885,O_T_EE,-0.0577098018312068,-0.9978927393288987,0.029332686008580425,0.0,-0.9976300282775605,0.05654964710889547,-0.03895139268346608,0.0,0.037211275335398517,-0.03151165222196251,-0.9988104608794178,0.0,0.048723728666582915,-0.40641200220068774,0.14986673388319832,1.0
2024-07-11T11:08:13.226885,tau_J_d,0.0,0.0,0.0,0.0,0.0,0.0,0.0
2024-07-11T11:08:13.226885,q,-1.6501402185102652,-0.07971005063851877,0.20213883084181358,-2.719183494099399,0.10917250978284412,2.674555878622173,0.8683714645936056
2024-07-11T11:08:13.226885,q_d,-1.6501376951958469,-0.07970544073797127,0.20214384215338185,-2.719186201314802,0.1091725097828194,2.674555882983737,0.8683668913731327
2024-07-11T11:08:13.226885,dq,0.0008156185256223264,9.801707100741815e-05,-0.0012500373542910436,0.000731352175448721,0.00023449434256360234,-0.00022964536752339507,-0.0001728933429448524
2024-07-11T11:08:13.226885,tau_J,-0.3393797278404236,-20.469778060913086,-0.6615093946456909,16.498788833618164,0.465415358543396,2.520336151123047,-0.07978418469429016
2024-07-11T11:08:13.226885,dtau_J,-39.08002853393555,73.6143798828125,179.1568145751953,-51.294952392578125,-25.01290512084961,11.055656433105469,-0.6214685440063477
2024-07-11T11:08:13.226885,O_F_ext_hat_K,-0.8535226917954503,-0.1047970970518814,-1.0569737942781958,0.1597198316321696,-0.5732917771568522,-0.27999374502340835
2024-07-11T11:08:13.226885,m_ee,0.7300000190734863
2024-07-11T11:08:13.226885,tau_ext_hat_filtered,-0.29519983629485647,0.1471727750847307,-0.28543905703781,-0.031390636986951964,0.14995516365485292,0.21548126877534984,-0.06886778982819249
2024-07-11T11:08:13.226885,joint_contact,0.0,0.0,0.0,0.0,0.0,0.0,0.0
2024-07-11T11:08:13.226885,joint_collision,0.0,0.0,0.0,0.0,0.0,0.0,0.0
2024-07-11T11:08:13.226885,cartesian_collision,0.0,0.0,0.0,0.0,0.0,0.0
2024-07-11T11:08:13.267941,elbow,0.20214384215338166,-1.0
2024-07-11T11:08:13.267941,O_T_EE,-0.0577094788586825,-0.9978931285738522,0.029320076673787485,0.0,-0.9976301215484313,0.05654987986675764,-0.0389486657990433,0.0,0.03720927554825602,-0.03149890531291966,-0.9988109374537614,0.0,0.048723028570194366,-0.4064070807348415,0.14986220497198433,1.0
2024-07-11T11:08:13.267941,tau_J_d,0.0,0.0,0.0,0.0,0.0,0.0,0.0
2024-07-11T11:08:13.267941,q,-1.6501454817328538,-0.07970612148392453,0.20214384215338166,-2.719191567872651,0.10917051483010069,2.6745550393355577,0.8683725850438628
2024-07-11T11:08:13.267941,q_d,-1.6501376951958469,-0.07970544073797127,0.20214384215338185,-2.719186201314802,0.1091725097828194,2.674555882983737,0.8683668913731327
2024-07-11T11:08:13.267941,dq,-0.0014659508862899747,0.0004569145763498549,-0.00022677169023860088,-0.0019399631964466537,-0.00031117706049785195,0.0008451390773379878,0.0008086774424828616
2024-07-11T11:08:13.267941,tau_J,-0.2640013098716736,-20.505483627319336,-0.7329205274581909,16.613840103149414,0.483725905418396,2.499279022216797,-0.08985498547554016
2024-07-11T11:08:13.267941,dtau_J,97.7519302368164,-12.706864356994629,59.02135467529297,142.20797729492188,29.685440063476562,-29.538619995117188,-20.136335372924805
2024-07-11T11:08:13.267941,O_F_ext_hat_K,-0.9126064476202653,-0.07801345296805161,-1.0504321607505662,0.1469205551473309,-0.5902771458619629,-0.30085773943994126
2024-07-11T11:08:13.267941,m_ee,0.7300000190734863
2024-07-11T11:08:13.267941,tau_ext_hat_filtered,-0.3171226014461761,0.14308036843258615,-0.3049631075679059,-0.039384880959494786,0.15105529768842427,0.21667258193035066,-0.07082892818777137
2024-07-11T11:08:13.267941,joint_contact,0.0,0.0,0.0,0.0,0.0,0.0,0.0
2024-07-11T11:08:13.267941,joint_collision,0.0,0.0,0.0,0.0,0.0,0.0,0.0
2024-07-11T11:08:13.267941,cartesian_collision,0.0,0.0,0.0,0.0,0.0,0.0
2024-07-11T11:08:13.308838,elbow,0.20214141535660654,-1.0
2024-07-11T11:08:13.308838,O_T_EE,-0.05770853090798901,-0.997892793884554,0.02933333044386496,0.0,-0.9976301253874151,0.05654837261198888,-0.0389507557774481,0.0,0.037210642826964783,-0.0315122117301415,-0.9988104667915124,0.0,0.048724722927064805,-0.40641199403949535,0.149866981551435,1.0
2024-07-11T11:08:13.308838,tau_J_d,0.0,0.0,0.0,0.0,0.0,0.0,0.0
2024-07-11T11:08:13.308838,q,-1.6501401920206578,-0.07971070977534016,0.20214141535660654,-2.719183494137084,0.10917149253023996,2.6745558829656937,0.8683737084362134
2024-07-11T11:08:13.308838,q_d,-1.6501376951958469,-0.07970544073797127,0.20214384215338185,-2.719186201314802,0.1091725097828194,2.674555882983737,0.8683668913731327
2024-07-11T11:08:13.308838,dq,0.0009740259680336051,-0.001324837567261547,-0.0010572310262064188,0.0018379462637197672,-0.00019837498224070408,4.618932820791233e-05,0.0011276261928021296
2024-07-11T11:08:13.308838,tau_J,-0.3393797278404236,-20.430105209350586,-0.6972149610519409,16.498788833618164,0.474570631980896,2.520336151123047,-0.09992578625679016
2024-07-11T11:08:13.308838,dtau_J,-61.88247299194336,109.04344177246094,83.74295043945312,-112.70095825195312,2.067639112472534,0.6206296682357788,-17.06377601623535
2024-07-11T11:08:13.308838,O_F_ext_hat_K,-0.8358473150442477,-0.040131730953554164,-1.0529982200464671,0.13701281723058606,-0.5695891266572918,-0.2680628164175066
2024-07-11T11:08:13.308838,m_ee,0.7300000190734863
2024-07-11T11:08:13.308838,tau_ext_hat_filtered,-0.2881537499315128,0.14610283470373392,-0.2686767912559312,-0.04994655563893217,0.14865800500278653,0.21373272750990896,-0.07156182827672618
2024-07-11T11:08:13.308838,joint_contact,0.0,0.0,0.0,0.0,0.0,0.0,0.0
2024-07-11T11:08:13.308838,joint_collision,0.0,0.0,0.0,0.0,0.0,0.0,0.0
2024-07-11T11:08:13.308838,cartesian_collision,0.0,0.0,0.0,0.0,0.0,0.0
2024-07-11T11:08:13.317637,elbow,0.20214384218982928,-1.0
2024-07-11T11:08:13.317637,O_T_EE,-0.05770766375295059,-0.9978930945801358,0.02932480579074503,0.0,-0.9976301897241528,0.056547851292522724,-0.03894986477971372,0.0,0.03721026275433406,-0.03150362380695696,-0.9988107518608232,0.0,0.04872525547351859,-0.40640867755127463,0.1498633999860399,1.0
2024-07-11T11:08:13.317637,tau_J_d,0.0,0.0,0.0,0.0,0.0,0.0,0.0
2024-07-11T11:08:13.317637,q,-1.6501405099107507,-0.07970615687270236,0.20214384218982928,-2.719188783812941,0.10917149236797732,2.6745571629727625,0.868374822999592
2024-07-11T11:08:13.317637,q_d,-1.6501376951958469,-0.07970544073797127,0.20214384215338185,-2.719186201314802,0.1091725097828194,2.674555882983737,0.8683668913731327
2024-07-11T11:08:13.317637,dq,0.0011608572157544542,0.0005600074710242907,0.00013101850036972032,-0.0010422460343419305,1.1591756180084208e-05,0.0009534525378031911,0.002148624863101199
2024-07-11T11:08:13.317637,tau_J,-0.3393797278404236,-20.505483627319336,-0.7329205274581909,16.574167251586914,0.474570631980896,2.499279022216797,-0.10999658703804016
2024-07-11T11:08:13.317637,dtau_J,-123.87873840332031,-48.41461181640625,-1.2884882688522339,53.686954498291016,-13.49997615814209,-30.715824127197266,-48.15899658203125
2024-07-11T11:08:13.317637,O_F_ext_hat_K,-0.8966518252872453,0.013541580236095073,-1.1310012928492243,0.14860570063298398,-0.5797731120318402,-0.29110786994789667
2024-07-11T11:08:13.317637,m_ee,0.7300000190734863
2024-07-11T11:08:13.317637,tau_ext_hat_filtered,-0.3097731006820296,0.17471077146579844,-0.2921465680509233,-0.09575429608786394,0.15001711510490176,0.20731279804397335,-0.07072434918708287
2024-07-11T11:08:13.317637,joint_contact,0.0,0.0,0.0,0.0,0.0,0.0,0.0
2024-07-11T11:08:13.317637,joint_collision,0.0,0.0,0.0,0.0,0.0,0.0,0.0
2024-07-11T11:08:13.317637,cartesian_collision,0.0,0.0,0.0,0.0,0.0,0.0
2024-07-11T11:08:13.327556,elbow,0.20214384506956765,-1.0
2024-07-11T11:08:13.327556,O_T_EE,-0.057700368274926084,-0.9978933521346657,0.02933039664897676,0.0,-0.9976306358831407,0.056540367262920964,-0.038949301898528056,0.0,0.03720961443670971,-0.03150889796714527,-0.9988106096464772,0.0,0.04872332858856632,-0.40641061809404944,0.14986572069825568,1.0
2024-07-11T11:08:13.327556,tau_J_d,0.0,0.0,0.0,0.0,0.0,0.0,0.0
2024-07-11T11:08:13.327556,q,-1.650145481738237,-0.07971004804044621,0.20214384506956765,-2.71918627805418,0.10917047527763304,2.6745558824812745,0.8683635344393608
2024-07-11T11:08:13.327556,q_d,-1.6501376951958469,-0.07970544073797127,0.20214384215338185,-2.719186201314802,0.1091725097828194,2.674555882983737,0.8683668913731327
2024-07-11T11:08:13.327556,dq,-0.0011715091495570935,-0.0006601433210799071,-7.801605223778779e-05,-0.00010898170286805273,-0.0004917923616672446,-0.00014445616204317518,-0.002418480554878124
2024-07-11T11:08:13.327556,tau_J,-0.2640013098716736,-20.469778060913086,-0.7329205274581909,16.538461685180664,0.483725905418396,2.520336151123047,-0.008373054675757885
2024-07-11T11:08:13.327556,dtau_J,76.34556579589844,49.506935119628906,-27.494686126708984,58.15221405029297,26.60848617553711,8.422640800476074,92.53007507324219
2024-07-11T11:08:13.327556,O_F_ext_hat_K,-0.9009121829032853,-0.06203123413057194,-1.052406279788995,0.14293147036501866,-0.5840140618953397,-0.29799964395347206
2024-07-11T11:08:13.327556,m_ee,0.7300000190734863
2024-07-11T11:08:13.327556,tau_ext_hat_filtered,-0.31447086710525907,0.14421378118515382,-0.30170313463062015,-0.045490880376657016,0.15141392873656936,0.21557104341910316,-0.06841265227349685
2024-07-11T11:08:13.327556,joint_contact,0.0,0.0,0.0,0.0,0.0,0.0,0.0
2024-07-11T11:08:13.327556,joint_collision,0.0,0.0,0.0,0.0,0.0,0.0,0.0
2024-07-11T11:08:13.327556,cartesian_collision,0.0,0.0,0.0,0.0,0.0,0.0
2024-07-11T11:08:13.368857,elbow,0.20214662621314064,-1.0
2024-07-11T11:08:13.368857,O_T_EE,-0.05770135173264353,-0.9978932912931844,0.029330531899200356,0.0,-0.9976305589715689,0.05654132724029208,-0.03894987832059675,0.0,0.037210151481287354,-0.031509102210310766,-0.9988105831961533,0.0,0.04872674979408337,-0.4064112049532872,0.14986581557352233,1.0
2024-07-11T11:08:13.368857,tau_J_d,0.0,0.0,0.0,0.0,0.0,0.0,0.0
2024-07-11T11:08:13.368857,q,-1.6501402715042846,-0.07970791684099915,0.20214662621314064,-2.719183494099397,0.10917047527763579,2.674555765246167,0.8683725453067324
2024-07-11T11:08:13.368857,q_d,-1.6501376951958469,-0.07970544073797127,0.20214384215338185,-2.719186201314802,0.1091725097828194,2.674555882983737,0.8683668913731327
2024-07-11T11:08:13.368857,dq,0.0006091511128662858,0.00018076732076764186,0.0004295278326628052,0.0008928477038919338,-0.00038767475230109253,-1.0246196498249792e-05,0.0015912065577850095
2024-07-11T11:08:13.368857,tau_J,-0.3393797278404236,-20.469778060913086,-0.7725933790206909,16.498788833618164,0.483725905418396,2.520336151123047,-0.08985498547554016
2024-07-11T11:08:13.368857,dtau_J,-31.689403533935547,8.442283630371094,-59.01157760620117,-139.63845825195312,21.665651321411133,-16.592924118041992,-46.646217346191406
2024-07-11T11:08:13.368857,O_F_ext_hat_K,-0.8191139163260268,-0.05238393714762877,-1.0721018878865236,0.1465213754478717,-0.5645915553541211,-0.266113531524573
2024-07-11T11:08:13.368857,m_ee,0.7300000190734863
2024-07-11T11:08:13.368857,tau_ext_hat_filtered,-0.2772632433928693,0.15169537274232514,-0.2759775268980331,-0.04961176990457604,0.15026145876208666,0.2147863098253508,-0.06620181035868612
2024-07-11T11:08:13.368857,joint_contact,0.0,0.0,0.0,0.0,0.0,0.0,0.0
2024-07-11T11:08:13.368857,joint_collision,0.0,0.0,0.0,0.0,0.0,0.0,0.0
2024-07-11T11:08:13.368857,cartesian_collision,0.0,0.0,0.0,0.0,0.0,0.0
2024-07-11T11:08:13.409828,elbow,0.20214385090208556,-1.0
2024-07-11T11:08:13.409828,O_T_EE,-0.05770225689708062,-0.9978935426032658,0.029320199196049446,0.0,-0.9976305039786322,0.056542632333964386,-0.03894939230970003,0.0,0.037210222243155025,-0.03149879939124464,-0.9988109055259284,0.0,0.04872542312617356,-0.406407750117501,0.14986186258361886,1.0
2024-07-11T11:08:13.409828,tau_J_d,0.0,0.0,0.0,0.0,0.0,0.0,0.0
2024-07-11T11:08:13.409828,q,-1.6501402008496298,-0.07970262809778139,0.20214385090208556,-2.7191887724752486,0.10917083124984468,2.6745558437358867,0.8683703515031929
2024-07-11T11:08:13.409828,q_d,-1.6501376951958469,-0.07970544073797127,0.20214384215338185,-2.719186201314802,0.1091725097828194,2.674555882983737,0.8683668913731327
2024-07-11T11:08:13.409828,dq,0.0009645695582086518,0.0006327912207432226,0.0007138732742509458,-0.0007218254910347306,-0.000585975350893565,-0.0001207778883001004,0.0012619335700317755
2024-07-11T11:08:13.409828,tau_J,-0.3393797278404236,-20.545156478881836,-0.7329205274581909,16.574167251586914,0.483725905418396,2.520336151123047,-0.06971338391304016
2024-07-11T11:08:13.409828,dtau_J,26.382823944091797,-192.15750122070312,-66.62303924560547,116.57040405273438,25.46336555480957,4.420986175537109,2.7959794998168945
2024-07-11T11:08:13.409828,O_F_ext_hat_K,-0.976740953689462,-0.09683003903654895,-1.0523926057751003,0.1531408262137611,-0.5893037915506656,-0.34021681059117265
2024-07-11T11:08:13.409828,m_ee,0.7300000190734863
2024-07-11T11:08:13.409828,tau_ext_hat_filtered,-0.3535506975297704,0.1413088879622731,-0.34547365988513884,-0.039033226725448386,0.155434727409376,0.21786318507569502,-0.05831757932852968
2024-07-11T11:08:13.409828,joint_contact,0.0,0.0,0.0,0.0,0.0,0.0,0.0
2024-07-11T11:08:13.409828,joint_collision,0.0,0.0,0.0,0.0,0.0,0.0,0.0
2024-07-11T11:08:13.409828,cartesian_collision,0.0,0.0,0.0,0.0,0.0,0.0
2024-07-11T11:08:13.450922,elbow,0.20214913186692351,-1.0
