timestamp,attribute_name,values
2024-07-09T20:43:33.252318,elbow,0.21130757325992247,-1.0
2024-07-09T20:43:33.252318,O_T_EE,-0.06315902811694041,-0.9977964751651237,-0.0198463653243259,0.0,-0.9971812052706358,0.06229278432647817,0.04159326600623093,0.0,-0.04026610410409014,0.0224178443644879,-0.9989374760786224,0.0,0.03589944658960125,-0.4129860554397194,0.24440794460749227,1.0
2024-07-09T20:43:33.252318,tau_J_d,0.0,0.0,0.0,0.0,0.0,0.0,0.0
2024-07-09T20:43:33.252318,q,-1.6815371317369383,-0.27481634787091586,0.21130757325992247,-2.5932323329192664,0.02530835717307116,2.2980132762636827,0.9232428301477597
2024-07-09T20:43:33.252318,q_d,-1.6815261740249403,-0.27482654851526955,0.21132065834915612,-2.593220548049281,0.025309374479783903,2.2980109496646457,0.9232450681034888
2024-07-09T20:43:33.252318,dq,-3.227999327612407e-05,-0.0007214036157782448,-0.0018204135931793864,-0.0007275423095058678,-0.000504123098942776,0.0001895310781420542,0.0016865228140362939
2024-07-09T20:43:33.252318,tau_J,-0.22432845830917358,-17.526052474975586,-1.891367793083191,20.243906021118164,0.538657546043396,2.331737518310547,-0.01844385638833046
2024-07-09T20:43:33.252318,dtau_J,73.9349136352539,54.3074951171875,111.76529693603516,55.322242736816406,24.797067642211914,-13.050505638122559,-5.151597023010254
2024-07-09T20:43:33.252318,O_F_ext_hat_K,-0.6472606133382975,-0.7862764403358141,-0.7928366583654334,0.4872138840327688,-0.19366193602347598,-0.28395641851666514
2,0,2,4,-,0,7,-,0,9,T,2,0,:,4,3,:,3,3,.,2,5,2,3,1,8
m,_,e,e
2024-07-09T20:43:33.262289,elbow,0.21131262676246448,-1.0
2024-07-09T20:43:33.262289,O_T_EE,-0.0631504795613124,-0.9977970330071085,-0.01984552228074715,0.0,-0.9971817240510273,0.06228426790502698,0.04159358233386541,0.0,-0.04026666447648774,0.02241667838418846,-0.9989374796563386,0.0,0.03590152012945264,-0.4129868236848997,0.24440911098669105,1.0
2024-07-09T20:43:33.262289,tau_J_d,0.0,0.0,0.0,0.0,0.0,0.0,0.0
2024-07-09T20:43:33.262289,q,-1.6815373473837798,-0.2748163477629035,0.21131262676246448,-2.5932288093942217,0.025309374479783597,2.2980109496645715,0.9232383149904446
2024-07-09T20:43:33.262289,q_d,-1.6815261740249403,-0.27482654851526955,0.21132065834915612,-2.593220548049281,0.025309374479783903,2.2980109496646457,0.9232450681034888
2024-07-09T20:43:33.262289,dq,-0.0003815388776986167,0.00021811939283721658,4.276482995729878e-05,-0.0003208896092827012,0.00016624346006338764,-0.005125425823887256,-0.0002861258914514023
2024-07-09T20:43:33.262289,tau_J,-0.22432845830917358,-17.526052474975586,-1.966746211051941,20.204233169555664,0.529502272605896,2.352794647216797,0.02183934673666954
2024-07-09T20:43:33.262289,dtau_J,49.00575256347656,56.619022369384766,-119.59451293945312,3.503571033477783,2.6506614685058594,26.350717544555664,68.58473205566406
2024-07-09T20:43:33.262289,O_F_ext_hat_K,-0.5791855882315226,-0.784421656530067,-0.8088257296022087,0.4904596773365506,-0.1653678301867491,-0.2575539844539036
2,0,2,4,-,0,7,-,0,9,T,2,0,:,4,3,:,3,3,.,2,6,2,2,8,9
m,_,e,e
2024-07-09T20:43:33.272365,elbow,0.21131035440216264,-1.0
2024-07-09T20:43:33.272365,O_T_EE,-0.06314408013841483,-0.997797551634075,-0.01983980840953087,0.0,-0.9971821220859634,0.0622781098288725,0.041593260625801,0.0,-0.04026684311129811,0.022410701909226324,-0.9989376065529747,0.0,0.03590503981967234,-0.412986639777838,0.2444106512235818,1.0
2024-07-09T20:43:33.272365,tau_J_d,0.0,0.0,0.0,0.0,0.0,0.0,0.0
2024-07-09T20:43:33.272365,q,-1.6815264452936278,-0.27482163758445144,0.21131035440216264,-2.5932308503145642,0.025309374479783903,2.2980132939243183,0.9232405921917055
2024-07-09T20:43:33.272365,q_d,-1.6815261740249403,-0.27482654851526955,0.21132065834915612,-2.593220548049281,0.025309374479783903,2.2980109496646457,0.9232450681034888
2024-07-09T20:43:33.272365,dq,0.0024091904702752413,-0.0013973882486867015,-0.0007085039761742077,0.00017705675752670817,1.8184479460619055e-05,-0.0002337333444868805,-0.0002992811706525355
2024-07-09T20:43:33.272365,tau_J,-0.3393797278404236,-17.450674057006836,-1.931040644645691,20.204233169555664,0.529502272605896,2.331737518310547,0.001697746105492115
2024-07-09T20:43:33.272365,dtau_J,-164.88424682617188,52.5007438659668,-19.602941513061523,34.417381286621094,0.725348711013794,5.372438430786133,48.56891632080078
2024-07-09T20:43:33.272365,O_F_ext_hat_K,-0.672838561649066,-0.7892475695800862,-0.8137770397525076,0.49380862492872085,-0.205069585713314,-0.2964926252247841
2,0,2,4,-,0,7,-,0,9,T,2,0,:,4,3,:,3,3,.,2,7,2,3,6,5
m,_,e,e
2024-07-09T20:43:33.282415,elbow,0.21131564997138425,-1.0
2024-07-09T20:43:33.282415,O_T_EE,-0.0631539451909788,-0.997796909800345,-0.01984068801492172,0.0,-0.9971814637780307,0.06228790846108784,0.041594370511588805,0.0,-0.04026767468019418,0.022412046413968767,-0.9989375428681154,0.0,0.03590278815735997,-0.4129873214830878,0.2444101601359843,1.0
2024-07-09T20:43:33.282415,tau_J_d,0.0,0.0,0.0,0.0,0.0,0.0,0.0
2024-07-09T20:43:33.282415,q,-1.6815370267521856,-0.27481885352469326,0.21131564997138425,-2.593229038709887,0.025309374479783903,2.2980132898544032,0.923245081185441
2024-07-09T20:43:33.282415,q_d,-1.6815261740249403,-0.27482654851526955,0.21132065834915612,-2.593220548049281,0.025309374479783903,2.2980109496646457,0.9232450681034888
2024-07-09T20:43:33.282415,dq,-0.0005216544099444716,-0.001283833052445646,0.0006205040165418027,0.0002739731850361007,-0.0003326319589307014,-0.00010374735359268731,-0.007767963592474722
2024-07-09T20:43:33.282415,tau_J,-0.22432845830917358,-17.490346908569336,-2.0064191818237305,20.204233169555664,0.529502272605896,2.331737518310547,-0.03858545795083046
2024-07-09T20:43:33.282415,dtau_J,-21.64324378967285,84.44857025146484,-49.45761489868164,-31.928430557250977,-15.744613647460938,-23.501184463500977,-21.539228439331055
2024-07-09T20:43:33.282415,O_F_ext_hat_K,-0.691033110742331,-0.7696290475723462,-0.8071836678508808,0.4840748955664644,-0.21589577672310054,-0.30010924632709574
2,0,2,4,-,0,7,-,0,9,T,2,0,:,4,3,:,3,3,.,2,8,2,4,1,5
m,_,e,e
2024-07-09T20:43:33.292345,elbow,0.211307573259939,-1.0
2024-07-09T20:43:33.292345,O_T_EE,-0.0631581978072717,-0.9977966201770491,-0.019841716513531758,0.0,-0.9971813326048746,0.062292190339367545,0.04159110275405848,0.0,-0.04026425298735575,0.022413039929367138,-0.9989376585015177,0.0,0.035900785545991104,-0.4129866752181994,0.24440916241244187,1.0
2024-07-09T20:43:33.292345,tau_J_d,0.0,0.0,0.0,0.0,0.0,0.0,0.0
2024-07-09T20:43:33.292345,q,-1.6815345868346034,-0.27481885352469326,0.211307573259939,-2.593232292608769,0.02531105397862416,2.2980156095868467,0.9232428301478335
2024-07-09T20:43:33.292345,q_d,-1.6815261740249403,-0.27482654851526955,0.21132065834915612,-2.593220548049281,0.025309374479783903,2.2980109496646457,0.9232450681034888
2024-07-09T20:43:33.292345,dq,0.0007792853136013164,-0.0011954090459830881,-0.001199614180270935,-0.0009889270450489304,0.00034187687503580246,-1.4468689436521664e-06,0.00029278641182270616
2024-07-09T20:43:33.292345,tau_J,-0.2640013098716736,-17.490346908569336,-1.891367793083191,20.243906021118164,0.511191725730896,2.320751190185547,-0.01844385638833046
2024-07-09T20:43:33.292345,dtau_J,-111.58219909667969,-0.7407145500183105,60.16155242919922,19.13875389099121,-20.75692367553711,16.241567611694336,-8.322429656982422
2024-07-09T20:43:33.292345,O_F_ext_hat_K,-0.7020132699881502,-0.7630324070205862,-0.8137712346756568,0.4842176871129952,-0.22474163994933632,-0.2963106348477467
2,0,2,4,-,0,7,-,0,9,T,2,0,:,4,3,:,3,3,.,2,9,2,3,4,5
m,_,e,e
2024-07-09T20:43:33.302383,elbow,0.21131036610911788,-1.0
2024-07-09T20:43:33.302383,O_T_EE,-0.06315152699804157,-0.9977969886115454,-0.01984442130059193,0.0,-0.9971817188890977,0.062285394115241095,0.041592019601140236,0.0,-0.040265149535495724,0.02241552525995042,-0.9989375665977351,0.0,0.035902077757702724,-0.4129875024185262,0.24440991062667705,1.0
2024-07-09T20:43:33.302383,tau_J_d,0.0,0.0,0.0,0.0,0.0,0.0,0.0
2024-07-09T20:43:33.302383,q,-1.681534491919715,-0.2748161116599107,0.21131036610911788,-2.5932266127273094,0.025310391730384046,2.298010110437454,0.9232394732140624
2024-07-09T20:43:33.302383,q_d,-1.6815261740249403,-0.27482654851526955,0.21132065834915612,-2.593220548049281,0.025309374479783903,2.2980109496646457,0.9232450681034888
2024-07-09T20:43:33.302383,dq,0.001236230770487241,0.00032352591348352555,-0.000660304704650255,0.0008747050825377349,0.0002977346896602264,-0.00031783943922440803,-0.0008870156670616534
2024-07-09T20:43:33.302383,tau_J,-0.2640013098716736,-17.526052474975586,-1.931040644645691,20.168527603149414,0.520346999168396,2.331737518310547,0.011768546886742115
2024-07-09T20:43:33.302383,dtau_J,-89.8024673461914,-48.67800521850586,84.10032653808594,-161.654052734375,-33.84136962890625,-34.78213119506836,43.45634841918945
2024-07-09T20:43:33.302383,O_F_ext_hat_K,-0.7006665884829544,-0.7654129374230689,-0.8226226025187048,0.48978678899705225,-0.222327451082652,-0.2958935282618986
2,0,2,4,-,0,7,-,0,9,T,2,0,:,4,3,:,3,3,.,3,0,2,3,8,3
m,_,e,e
2024-07-09T20:43:33.312317,elbow,0.21131286297351376,-1.0
2024-07-09T20:43:33.312317,O_T_EE,-0.06314766445042216,-0.9977973479679894,-0.019838643192323438,0.0,-0.9971819034117416,0.062281743312256894,0.0415930626346546,0.0,-0.04026663756530814,0.022409672197978712,-0.9989376379390073,0.0,0.03590179798643718,-0.41298842885687514,0.24441123403496948,1.0
2024-07-09T20:43:33.312317,tau_J_d,0.0,0.0,0.0,0.0,0.0,0.0,0.0
2024-07-09T20:43:33.312317,q,-1.6815372679117344,-0.27481885352335983,0.21131286297351376,-2.5932266183939525,0.025309374479783892,2.29801328932769,0.9232360145553118
2024-07-09T20:43:33.312317,q_d,-1.6815261740249403,-0.27482654851526955,0.21132065834915612,-2.593220548049281,0.025309374479783903,2.2980109496646457,0.9232450681034888
2024-07-09T20:43:33.312317,dq,-0.0011190350880143772,-0.00117019414321632,0.00024023341066213227,0.0020038536367812747,-4.934221461879597e-05,0.0001529079169013588,-0.0013682503138695951
2024-07-09T20:43:33.312317,tau_J,-0.22432845830917358,-17.490346908569336,-1.966746211051941,20.168527603149414,0.529502272605896,2.331737518310547,0.04289647564291954
2024-07-09T20:43:33.312317,dtau_J,38.22360610961914,14.731013298034668,-78.89237213134766,-160.2334442138672,18.675352096557617,-11.069997787475586,104.60467529296875
2024-07-09T20:43:33.312317,O_F_ext_hat_K,-0.7060397136698049,-0.7750612872591247,-0.7968139221888845,0.48504099048490135,-0.22574230913222176,-0.2988782367504614
2,0,2,4,-,0,7,-,0,9,T,2,0,:,4,3,:,3,3,.,3,1,2,3,1,7
m,_,e,e
2024-07-09T20:43:33.354247,elbow,0.21130971788246358,-1.0
2024-07-09T20:43:33.354247,O_T_EE,-0.06315922126264432,-0.9977964798693402,-0.01984551412935435,0.0,-0.9971811985635791,0.062293015814310265,0.0415930801128053,0.0,-0.040265967242622866,0.022416991712015766,-0.9989375007299504,0.0,0.03590161918585755,-0.41298617791629605,0.24440821342204785,1.0
2024-07-09T20:43:33.354247,tau_J_d,0.0,0.0,0.0,0.0,0.0,0.0,0.0
2024-07-09T20:43:33.354247,q,-1.6815341686827874,-0.27481634787091036,0.21130971788246358,-2.5932315704724878,0.02530937399280672,2.298013289184826,0.9232474077844784
2024-07-09T20:43:33.354247,q_d,-1.6815261740249403,-0.27482654851526955,0.21132065834915612,-2.593220548049281,0.025309374479783903,2.2980109496646457,0.9232450681034888
2024-07-09T20:43:33.354247,dq,-0.001085944100853696,-0.0010092914083570641,-0.0009543821850274828,-0.0006779725047188083,-0.00041214693678721313,0.007898541042597339,0.0008593296251555553
2024-07-09T20:43:33.354247,tau_J,-0.22432845830917358,-17.526052474975586,-1.891367793083191,20.243906021118164,0.529502272605896,2.331737518310547,-0.05964258685708046
2024-07-09T20:43:33.354247,dtau_J,-3.4172706604003906,43.01618194580078,132.11648559570312,125.34654998779297,-0.06491944193840027,-24.151033401489258,-64.66062927246094
2024-07-09T20:43:33.354247,O_F_ext_hat_K,-0.7950593697835304,-0.9207781021204938,-0.9510043972764974,0.6079823896032714,-0.25638623945196914,-0.3367453773995354
2,0,2,4,-,0,7,-,0,9,T,2,0,:,4,3,:,3,3,.,3,5,4,2,4,7
m,_,e,e
2024-07-09T20:43:33.396218,elbow,0.2113128629734623,-1.0
2024-07-09T20:43:33.396218,O_T_EE,-0.06316133538058546,-0.9977962308740317,-0.01985130393009985,0.0,-0.9971810718322355,0.06229489020724879,0.0415933111784722,0.0,-0.04026578956587843,0.022422865316858,-0.9989373760659968,0.0,0.035901260496335935,-0.4129840524820957,0.24440612530472056,1.0
2024-07-09T20:43:33.396218,tau_J_d,0.0,0.0,0.0,0.0,0.0,0.0,0.0
2024-07-09T20:43:33.396218,q,-1.6815376241643614,-0.27481634787091036,0.2113128629734623,-2.5932361652389764,0.025311408984967494,2.2980122115759203,0.9232474077844784
2024-07-09T20:43:33.396218,q_d,-1.6815261740249403,-0.27482654851526955,0.21132065834915612,-2.593220548049281,0.025309374479783903,2.2980109496646457,0.9232450681034888
2024-07-09T20:43:33.396218,dq,-0.0010649957060452598,0.00014429357755280954,0.00015925397837797384,-0.0013170572920006385,0.0006614894947369013,0.002230503024943572,0.0005448241470590903
2024-07-09T20:43:33.396218,tau_J,-0.18862289190292358,-17.526052474975586,-1.966746211051941,20.279611587524414,0.511191725730896,2.341808319091797,-0.05964258685708046
2024-07-09T20:43:33.396218,dtau_J,106.1528091430664,32.81910705566406,-54.427860260009766,258.47637939453125,-37.55571365356445,20.06728172302246,-42.490604400634766
2024-07-09T20:43:33.396218,O_F_ext_hat_K,-0.7288192213625334,-0.7591752813679266,-0.776901855613994,0.47235602366168183,-0.2545749952756271,-0.28221013883361856
2,0,2,4,-,0,7,-,0,9,T,2,0,:,4,3,:,3,3,.,3,9,6,2,1,8
m,_,e,e
2024-07-09T20:43:33.438160,elbow,0.21131286590327616,-1.0
2024-07-09T20:43:33.438160,O_T_EE,-0.06315546914550078,-0.9977967401131076,-0.01984437043283976,0.0,-0.9971814075687444,0.062289299637985136,0.041593634741811734,0.0,-0.04026667647711693,0.022415734328467874,-0.998937500357256,0.0,0.03590174298726453,-0.4129869433239792,0.24440908568982667,1.0
2024-07-09T20:43:33.438160,tau_J_d,0.0,0.0,0.0,0.0,0.0,0.0,0.0
2024-07-09T20:43:33.438160,q,-1.681537037329317,-0.2748163478709106,0.21131286590327616,-2.5932290983084276,0.025309374479783903,2.2980121703677625,0.923243889785889
2024-07-09T20:43:33.438160,q_d,-1.6815261740249403,-0.27482654851526955,0.21132065834915612,-2.593220548049281,0.025309374479783903,2.2980109496646457,0.9232450681034888
2024-07-09T20:43:33.438160,dq,0.00031844947151575065,0.00044878686508010896,0.0006657440500382315,0.00042761199626741746,-0.0004002884864670228,-0.00036371880315071067,-0.0006199092123668728
2024-07-09T20:43:33.438160,tau_J,-0.22432845830917358,-17.526052474975586,-1.966746211051941,20.204233169555664,0.529502272605896,2.341808319091797,-0.01844385638833046
2024-07-09T20:43:33.438160,dtau_J,13.935141563415527,-75.03705596923828,41.326995849609375,-6.564043045043945,20.48912239074707,22.22463607788086,-15.441404342651367
2024-07-09T20:43:33.438160,O_F_ext_hat_K,-0.7289171356046754,-0.7593528518786661,-0.7737466402936412,0.4724155218481329,-0.2625639076636239,-0.2749670350365272
2,0,2,4,-,0,7,-,0,9,T,2,0,:,4,3,:,3,3,.,4,3,8,1,6,0
m,_,e,e
2024-07-09T20:43:33.480262,elbow,0.2113054469289144,-1.0
2024-07-09T20:43:33.480262,O_T_EE,-0.06315706427725777,-0.9977966798869109,-0.01984232193430639,0.0,-0.9971813475871333,0.06229100122074874,0.04159252447777361,0.0,-0.04026565997093454,0.02241368660052801,-0.9989375872796452,0.0,0.035899922746209394,-0.4129871399668337,0.24441006452434136,1.0
2024-07-09T20:43:33.480262,tau_J_d,0.0,0.0,0.0,0.0,0.0,0.0,0.0
2024-07-09T20:43:33.480262,q,-1.681534356253593,-0.27481885352469326,0.2113054469289144,-2.5932295822898026,0.025308357227179737,2.2980121119720294,0.9232417111697916
2024-07-09T20:43:33.480262,q_d,-1.6815261740249403,-0.27482654851526955,0.21132065834915612,-2.593220548049281,0.025309374479783903,2.2980109496646457,0.9232450681034888
2024-07-09T20:43:33.480262,dq,0.0007571860826952123,-0.0005207765292145974,4.409874102218568e-05,0.00013052988715254137,-0.00035207155902779397,-6.747976136057462e-05,0.0010369436415229253
2024-07-09T20:43:33.480262,tau_J,-0.2640013098716736,-17.490346908569336,-1.891367793083191,20.204233169555664,0.538657546043396,2.331737518310547,-0.008373054675757885
2024-07-09T20:43:33.480262,dtau_J,3.4979095458984375,13.391538619995117,74.3919677734375,-39.769344329833984,39.809791564941406,-20.033340454101562,-7.513088226318359
2024-07-09T20:43:33.480262,O_F_ext_hat_K,-0.8664080749713464,-0.8028472747446499,-0.7954677871905348,0.49897219959007477,-0.2997182766349469,-0.35138713758719226
2,0,2,4,-,0,7,-,0,9,T,2,0,:,4,3,:,3,3,.,4,8,0,2,6,2
m,_,e,e
2024-07-09T20:43:33.522184,elbow,0.211307565487971,-1.0
2024-07-09T20:43:33.522184,O_T_EE,-0.06315900735062392,-0.9977965406893123,-0.01984313685215944,0.0,-0.9971812061282345,0.062292897907595346,0.0415930753385976,0.0,-0.04026611543888313,0.022414612041389493,-0.9989375481552871,0.0,0.03589973322179408,-0.41298826592712135,0.24440930555176515,1.0
2024-07-09T20:43:33.522184,tau_J_d,0.0,0.0,0.0,0.0,0.0,0.0,0.0
2024-07-09T20:43:33.522184,q,-1.6815371169973292,-0.2748135638115906,0.211307565487971,-2.5932263875440746,0.025307196675075423,2.298013289286516,0.9232439491256246
2024-07-09T20:43:33.522184,q_d,-1.6815261740249403,-0.27482654851526955,0.21132065834915612,-2.593220548049281,0.025309374479783903,2.2980109496646457,0.9232450681034888
2024-07-09T20:43:33.522184,dq,-0.00035623519867834346,0.000867645945898793,0.0016478527085002866,0.00075476536425979,8.421094816053012e-05,0.005449052321777544,-0.0003208287167863204
2024-07-09T20:43:33.522184,tau_J,-0.22432845830917358,-17.565725326538086,-1.891367793083191,20.168527603149414,0.520346999168396,2.331737518310547,-0.02851465716958046
2024-07-09T20:43:33.522184,dtau_J,82.49075317382812,-38.30199432373047,105.62093353271484,-139.12002563476562,7.127647399902344,-3.400815963745117,-12.763954162597656
2024-07-09T20:43:33.522184,O_F_ext_hat_K,-0.7947695522528762,-0.7905258905117545,-0.7748847447494969,0.482484018664087,-0.27878225120716676,-0.3126906629293544
2,0,2,4,-,0,7,-,0,9,T,2,0,:,4,3,:,3,3,.,5,2,2,1,8,4
m,_,e,e
2024-07-09T20:43:33.563153,elbow,0.21131035742819282,-1.0
2024-07-09T20:43:33.563153,O_T_EE,-0.0631563848121099,-0.997796853126112,-0.01983577198651102,0.0,-0.9971813696137275,0.0622905838564262,0.04159262145290128,0.0,-0.04026618022943372,0.02240713328942938,-0.9989377133272528,0.0,0.0359026527637669,-0.4129873050302266,0.24441183357054988,1.0
2024-07-09T20:43:33.563153,tau_J_d,0.0,0.0,0.0,0.0,0.0,0.0,0.0
2024-07-09T20:43:33.563153,q,-1.6815324438997705,-0.27482442164421084,0.21131035742819282,-2.593230959893158,0.025310390271233843,2.2980145100515514,0.9232462888066139
2024-07-09T20:43:33.563153,q_d,-1.6815261740249403,-0.27482654851526955,0.21132065834915612,-2.593220548049281,0.025309374479783903,2.2980109496646457,0.9232450681034888
2024-07-09T20:43:33.563153,dq,0.0002556990161834539,-0.002296467283532864,-0.0004894064543748601,-7.350539092668989e-05,1.8461897906631533e-05,-0.005722227897536903,0.0008522355775906645
2024-07-09T20:43:33.563153,tau_J,-0.2640013098716736,-17.411001205444336,-1.931040644645691,20.204233169555664,0.520346999168396,2.320751190185547,-0.04957178607583046
2024-07-09T20:43:33.563153,dtau_J,-144.0167236328125,255.96405029296875,81.79927062988281,-10.095129013061523,-9.362640380859375,-28.444013595581055,-24.615856170654297
2024-07-09T20:43:33.563153,O_F_ext_hat_K,-0.714986011643624,-0.7487563420173915,-0.8382588036144043,0.4945698945403024,-0.2491689635575099,-0.2719930335692255
2,0,2,4,-,0,7,-,0,9,T,2,0,:,4,3,:,3,3,.,5,6,3,1,5,3
m,_,e,e
2024-07-09T20:43:33.605182,elbow,0.21131035731966477,-1.0
2024-07-09T20:43:33.605182,O_T_EE,-0.06316139805569218,-0.9977962881768685,-0.019848224034469307,0.0,-0.9971810982169664,0.062295098099146205,0.04159236724244893,0.0,-0.04026503781443451,0.022419737553249424,-0.9989374765709041,0.0,0.035900573292160655,-0.41298563079296674,0.24440636074522523,1.0
2024-07-09T20:43:33.605182,tau_J_d,0.0,0.0,0.0,0.0,0.0,0.0,0.0
2024-07-09T20:43:33.605182,q,-1.6815373738595023,-0.27481356381115163,0.21131035731966477,-2.5932337126653824,0.02531039173238807,2.2980156275730743,0.923246288860449
2024-07-09T20:43:33.605182,q_d,-1.6815261740249403,-0.27482654851526955,0.21132065834915612,-2.593220548049281,0.025309374479783903,2.2980109496646457,0.9232450681034888
2024-07-09T20:43:33.605182,dq,0.00011248040275606057,0.0016811753019178991,0.0018233359071142918,-0.00046746898124906114,0.0003854256740823738,-1.6086073677096767e-05,0.0004532720462482694
2024-07-09T20:43:33.605182,tau_J,-0.22432845830917358,-17.565725326538086,-1.931040644645691,20.243906021118164,0.520346999168396,2.310680389404297,-0.04957178607583046
2024-07-09T20:43:33.605182,dtau_J,54.16473388671875,-96.99244689941406,55.727874755859375,-23.356613159179688,-32.50587463378906,-35.79924392700195,-38.35548782348633
2024-07-09T20:43:33.605182,O_F_ext_hat_K,-0.8246254792241328,-0.7822016281881526,-0.7840684619846271,0.48491204953475703,-0.29801203590647485,-0.31656910475651256
2,0,2,4,-,0,7,-,0,9,T,2,0,:,4,3,:,3,3,.,6,0,5,1,8,2
m,_,e,e
2024-07-09T20:43:33.612348,elbow,0.21131035731968123,-1.0
2024-07-09T20:43:33.612348,O_T_EE,-0.06315497243404034,-0.9977966839121308,-0.019848776587473083,0.0,-0.9971814187097807,0.06228860849788099,0.04159440265894947,0.0,-0.04026717963637428,0.02242015620796862,-0.9989373808401317,0.0,0.03590147050759584,-0.4129850572947581,0.24440720860979095,1.0
2024-07-09T20:43:33.612348,tau_J_d,0.0,0.0,0.0,0.0,0.0,0.0,0.0
2024-07-09T20:43:33.612348,q,-1.6815344889762927,-0.27481634787091036,0.21131035731968123,-2.5932337389450004,0.025308357227179737,2.2980122297074974,0.9232439491256246
2024-07-09T20:43:33.612348,q_d,-1.6815261740249403,-0.27482654851526955,0.21132065834915612,-2.593220548049281,0.025309374479783903,2.2980109496646457,0.9232450681034888
2024-07-09T20:43:33.612348,dq,0.0004497749842851427,-0.00025869798617285356,-0.0004026796800152835,-0.0005416974313422244,-0.00037089167436213594,-0.007923055982143913,-0.0009047861582780737
2024-07-09T20:43:33.612348,tau_J,-0.2640013098716736,-17.526052474975586,-1.931040644645691,20.243906021118164,0.538657546043396,2.331737518310547,-0.02851465716958046
2024-07-09T20:43:33.612348,dtau_J,-89.05970764160156,-4.9232177734375,45.84763717651367,-5.212724685668945,19.991168975830078,1.2436072826385498,4.431673049926758
2024-07-09T20:43:33.612348,O_F_ext_hat_K,-0.7844689665593536,-0.7560105732852669,-0.7823366480981288,0.4739187058603895,-0.2852569289133367,-0.2960467586709879
2,0,2,4,-,0,7,-,0,9,T,2,0,:,4,3,:,3,3,.,6,1,2,3,4,8
m,_,e,e
2024-07-09T20:43:33.622324,elbow,0.21131035440349608,-1.0
2024-07-09T20:43:33.622324,O_T_EE,-0.06315090566495839,-0.997796912356548,-0.019850231904019775,0.0,-0.9971816643832703,0.062284479008894486,0.04159469670053677,0.0,-0.04026747385950738,0.022421461738560546,-0.9989373396777599,0.0,0.03590350597286369,-0.41298405382807984,0.24440621425492567,1.0
2024-07-09T20:43:33.622324,tau_J_d,0.0,0.0,0.0,0.0,0.0,0.0,0.0
2024-07-09T20:43:33.622324,q,-1.6815292191054376,-0.2748162691339105,0.21131035440349608,-2.5932362492879775,0.025308309460679686,2.298013289339653,0.9232450681034888
2024-07-09T20:43:33.622324,q_d,-1.6815261740249403,-0.27482654851526955,0.21132065834915612,-2.593220548049281,0.025309374479783903,2.2980109496646457,0.9232450681034888
2024-07-09T20:43:33.622324,dq,0.0012353633486985715,0.002579129064524108,-0.0007675356346438953,-0.0015220975943068535,-0.00022622096222305195,0.011179363109117227,0.00025732640330375297
2024-07-09T20:43:33.622324,tau_J,-0.2997068762779236,-17.526052474975586,-1.931040644645691,20.279611587524414,0.529502272605896,2.331737518310547,-0.03858545795083046
2024-07-09T20:43:33.622324,dtau_J,-123.69029235839844,41.635433197021484,56.36542510986328,136.68214416503906,12.173357009887695,-25.233291625976562,-26.96670150756836
2024-07-09T20:43:33.622324,O_F_ext_hat_K,-0.7367333012803828,-0.6588986336851699,-0.7003744090338212,0.40187786429565986,-0.2695640323951327,-0.2721140366023667
2,0,2,4,-,0,7,-,0,9,T,2,0,:,4,3,:,3,3,.,6,2,2,3,2,4
m,_,e,e
2024-07-09T20:43:33.663170,elbow,0.2113082314206861,-1.0
2024-07-09T20:43:33.663170,O_T_EE,-0.06315719073232055,-0.997796723906824,-0.019839705663606867,0.0,-0.9971813170802872,0.06229122406964707,0.041592922127890786,0.0,-0.04026621713541,0.022411107423331755,-0.9989376226880556,0.0,0.03590080582911719,-0.41298812032351734,0.24441107023302552,1.0
2024-07-09T20:43:33.663170,tau_J_d,0.0,0.0,0.0,0.0,0.0,0.0,0.0
2024-07-09T20:43:33.663170,q,-1.6815351223262147,-0.27481885352469326,0.2113082314206861,-2.593227042589248,0.025308357227179737,2.2980121698832456,0.923243889785889
2024-07-09T20:43:33.663170,q_d,-1.6815261740249403,-0.27482654851526955,0.21132065834915612,-2.593220548049281,0.025309374479783903,2.2980109496646457,0.9232450681034888
2024-07-09T20:43:33.663170,dq,-0.0002148480103207493,-0.0003384588372827607,-6.239327300184258e-05,0.0012311647535480055,-0.0005169117847800248,-0.00031305006762264066,-0.00017231873873123257
2024-07-09T20:43:33.663170,tau_J,-0.22432845830917358,-17.490346908569336,-1.931040644645691,20.168527603149414,0.538657546043396,2.341808319091797,-0.01844385638833046
2024-07-09T20:43:33.663170,dtau_J,-27.20992660522461,-40.033416748046875,62.8817138671875,-104.5668716430664,33.73960876464844,6.100409984588623,-19.973739624023438
2024-07-09T20:43:33.663170,O_F_ext_hat_K,-0.7589545749500881,-0.7925738708402488,-0.8211649015157938,0.5007163507561669,-0.25692609685801926,-0.3036001137834183
2,0,2,4,-,0,7,-,0,9,T,2,0,:,4,3,:,3,3,.,6,6,3,1,7,0
m,_,e,e
2024-07-09T20:43:33.704178,elbow,0.21131036610911788,-1.0
2024-07-09T20:43:33.704178,O_T_EE,-0.06315134675382257,-0.9977968783027151,-0.019850540389210386,0.0,-0.9971816607741452,0.06228492028792817,0.041594122441188486,0.0,-0.040266871463798835,0.022421751369975856,-0.9989373574594259,0.0,0.03590353416156635,-0.4129852749427921,0.24440686736169773,1.0
2024-07-09T20:43:33.704178,tau_J_d,0.0,0.0,0.0,0.0,0.0,0.0,0.0
2024-07-09T20:43:33.704178,q,-1.6815298316671077,-0.2748135638111498,0.21131036610911788,-2.5932316269268694,0.02530835576624818,2.2980111053139454,0.9232450681034887
2024-07-09T20:43:33.704178,q_d,-1.6815261740249403,-0.27482654851526955,0.21132065834915612,-2.593220548049281,0.025309374479783903,2.2980109496646457,0.9232450681034888
2024-07-09T20:43:33.704178,dq,0.0017819166381925736,0.0015661317249780278,-0.00032161611221079745,0.0006996865901224789,-0.0005460690127887739,-3.147690281342426e-05,0.0002954646036378915
2024-07-09T20:43:33.704178,tau_J,-0.2997068762779236,-17.565725326538086,-1.931040644645691,20.204233169555664,0.538657546043396,2.331737518310547,-0.03858545795083046
2024-07-09T20:43:33.704178,dtau_J,-58.20661163330078,-107.57479095458984,-60.46177673339844,-30.050472259521484,17.797500610351562,-27.632787704467773,-32.10930252075195
2024-07-09T20:43:33.704178,O_F_ext_hat_K,-0.7418875821661957,-0.783025475521277,-0.8096151564901363,0.4956425489388815,-0.2591977272331695,-0.2888218008277848
2,0,2,4,-,0,7,-,0,9,T,2,0,:,4,3,:,3,3,.,7,0,4,1,7,8
m,_,e,e
2024-07-09T20:43:33.745160,elbow,0.21130757327196287,-1.0
2024-07-09T20:43:33.745160,O_T_EE,-0.06315347009932097,-0.9977967712294821,-0.019849167227949428,0.0,-0.9971816085480522,0.062287144288996045,0.04159204408356945,0.0,-0.04026483457511408,0.02242033807809105,-0.9989374712849162,0.0,0.0359006492413587,-0.4129853903769225,0.24440767784772216,1.0
2024-07-09T20:43:33.745160,tau_J_d,0.0,0.0,0.0,0.0,0.0,0.0,0.0
2024-07-09T20:43:33.745160,q,-1.681534572107106,-0.2748163449547307,0.21130757327196287,-2.5932324892493366,0.02531039173238807,2.298010945360522,0.9232383542369662
2024-07-09T20:43:33.745160,q_d,-1.6815261740249403,-0.27482654851526955,0.21132065834915612,-2.593220548049281,0.025309374479783903,2.2980109496646457,0.9232450681034888
2024-07-09T20:43:33.745160,dq,0.0005011321205077712,-0.0001274677078941966,-0.0009676170249534924,-0.0009459335551692354,0.00040180857561044,-0.0005611370910693158,0.0005937759662032777
2024-07-09T20:43:33.745160,tau_J,-0.2640013098716736,-17.526052474975586,-1.891367793083191,20.243906021118164,0.520346999168396,2.352794647216797,0.02183934673666954
2024-07-09T20:43:33.745160,dtau_J,-66.08843994140625,90.12095642089844,74.22628021240234,43.145633697509766,-16.308074951171875,16.255535125732422,71.46122741699219
2024-07-09T20:43:33.745160,O_F_ext_hat_K,-0.7466514097403317,-0.7798238746507836,-0.8113324668090375,0.49145383221364625,-0.24154858854989114,-0.3130092020495706
2,0,2,4,-,0,7,-,0,9,T,2,0,:,4,3,:,3,3,.,7,4,5,1,6,0
m,_,e,e
2024-07-09T20:43:33.786176,elbow,0.21131470219759166,-1.0
2024-07-09T20:43:33.786176,O_T_EE,-0.06315399684815319,-0.9977967049103699,-0.019850825003515395,0.0,-0.9971814104210495,0.06228750959581708,0.04159624694904715,0.0,-0.04026891499090448,0.02242227462201073,-0.9989372633385095,0.0,0.03590287366851574,-0.41298272838392963,0.24440687840982414,1.0
2024-07-09T20:43:33.786176,tau_J_d,0.0,0.0,0.0,0.0,0.0,0.0,0.0
2024-07-09T20:43:33.786176,q,-1.6815342452788096,-0.27482163758445205,0.21131470219759166,-2.5932390118317676,0.025309374479783903,2.298010110431247,0.9232462888066139
2024-07-09T20:43:33.786176,q_d,-1.6815261740249403,-0.27482654851526955,0.21132065834915612,-2.593220548049281,0.025309374479783903,2.2980109496646457,0.9232450681034888
2024-07-09T20:43:33.786176,dq,-0.00022324288206903916,-0.0035806095415405583,-0.0009146046590390647,-0.002411894858397046,-1.05517717757659e-05,9.145760591098251e-05,0.0005431307209407764
2024-07-09T20:43:33.786176,tau_J,-0.22432845830917358,-17.450674057006836,-2.0064191818237305,20.319284439086914,0.529502272605896,2.331737518310547,-0.04957178607583046
2024-07-09T20:43:33.786176,dtau_J,5.590235710144043,144.5346221923828,-141.1417236328125,235.70155334472656,18.572046279907227,3.030164957046509,-19.572614669799805
2024-07-09T20:43:33.786176,O_F_ext_hat_K,-0.5982970859702497,-0.8551858196443818,-0.9371632102316321,0.5717539949765342,-0.1745095214211445,-0.25984554326750836
2,0,2,4,-,0,7,-,0,9,T,2,0,:,4,3,:,3,3,.,7,8,6,1,7,6
m,_,e,e
2024-07-09T20:43:33.827178,elbow,0.2113128629734532,-1.0
2024-07-09T20:43:33.827178,O_T_EE,-0.06315527902666038,-0.9977967344123831,-0.01984526211106794,0.0,-0.9971814728508553,0.06228910220233142,0.04159236529742269,0.0,-0.0402653579433013,0.022416536724559705,-0.9989375355000804,0.0,0.035900922709695304,-0.412987661100872,0.24440884141381747,1.0
2024-07-09T20:43:33.827178,tau_J_d,0.0,0.0,0.0,0.0,0.0,0.0,0.0
2024-07-09T20:43:33.827178,q,-1.6815396502269804,-0.27481356384715394,0.2113128629734532,-2.5932269687178597,0.02531039173238807,2.2980121749471603,0.9232405328521919
2024-07-09T20:43:33.827178,q_d,-1.6815261740249403,-0.27482654851526955,0.21132065834915612,-2.593220548049281,0.025309374479783903,2.2980109496646457,0.9232450681034888
2024-07-09T20:43:33.827178,dq,-0.0007703269787265841,0.0004198471312084046,0.0003162488103285784,0.0008807324568145668,0.0003237784682465534,-0.007184576007144284,-0.0004928886559642041
2024-07-09T20:43:33.827178,tau_J,-0.18862289190292358,-17.565725326538086,-1.966746211051941,20.168527603149414,0.520346999168396,2.341808319091797,0.011768546886742115
2024-07-09T20:43:33.827178,dtau_J,117.6383056640625,-35.08699417114258,-68.4260482788086,-171.48358154296875,-4.249297618865967,-9.351011276245117,34.81806945800781
2024-07-09T20:43:33.827178,O_F_ext_hat_K,-0.7436793786041622,-0.8223904649772237,-0.9012678081084776,0.5477629498135695,-0.2515995623861538,-0.29902202238272607
2,0,2,4,-,0,7,-,0,9,T,2,0,:,4,3,:,3,3,.,8,2,7,1,7,8
m,_,e,e
2024-07-09T20:43:33.868241,elbow,0.21131294209447035,-1.0
2024-07-09T20:43:33.868241,O_T_EE,-0.06315331336615346,-0.9977969433650967,-0.019841011147488645,0.0,-0.9971815393194772,0.06228728364851151,0.04159349513248653,0.0,-0.040266794878429,0.022412288575809063,-0.9989375728998351,0.0,0.03590393877298726,-0.41298671729611525,0.2444109356636157,1.0
2024-07-09T20:43:33.868241,tau_J_d,0.0,0.0,0.0,0.0,0.0,0.0,0.0
2024-07-09T20:43:33.868241,q,-1.6815317750596002,-0.2748216288718988,0.21131294209447035,-2.5932294836693743,0.02531039157006234,2.2980105964519355,0.9232462888066139
2024-07-09T20:43:33.868241,q_d,-1.6815261740249403,-0.27482654851526955,0.21132065834915612,-2.593220548049281,0.025309374479783903,2.2980109496646457,0.9232450681034888
2024-07-09T20:43:33.868241,dq,0.002048844370038086,-0.0014123659212409217,0.0004166714110029751,0.00026545411108758253,-9.802040528371504e-06,-0.0006732684851418805,0.00036904658792416946
2024-07-09T20:43:33.868241,tau_J,-0.2997068762779236,-17.450674057006836,-1.966746211051941,20.204233169555664,0.520346999168396,2.352794647216797,-0.04957178607583046
2024-07-09T20:43:33.868241,dtau_J,-218.87408447265625,101.54097747802734,-76.31010437011719,30.379085540771484,-9.689245223999023,54.85888671875,-34.2611198425293
2024-07-09T20:43:33.868241,O_F_ext_hat_K,-0.7149950330803156,-0.7585380325213885,-0.7969843635585488,0.4767385538938409,-0.23348395221452356,-0.29570906763760374
2,0,2,4,-,0,7,-,0,9,T,2,0,:,4,3,:,3,3,.,8,6,8,2,4,1
m,_,e,e
2024-07-09T20:43:33.910141,elbow,0.21131036024949346,-1.0
2024-07-09T20:43:33.910141,O_T_EE,-0.06315844469294075,-0.9977966251421038,-0.01984068094105954,0.0,-0.9971812351730378,0.062292434585933164,0.04159307290090991,0.0,-0.040266278700797895,0.02241214002504748,-0.9989375970395183,0.0,0.03590139867573539,-0.41298673714185014,0.2444091051408477,1.0
2024-07-09T20:43:33.910141,tau_J_d,0.0,0.0,0.0,0.0,0.0,0.0,0.0
2024-07-09T20:43:33.910141,q,-1.6815352282887719,-0.27481885352469326,0.21131036024949346,-2.593232497775797,0.025309326713283852,2.29801662084592,0.9232462888066139
2024-07-09T20:43:33.910141,q_d,-1.6815261740249403,-0.27482654851526955,0.21132065834915612,-2.593220548049281,0.025309374479783903,2.2980109496646457,0.9232450681034888
2024-07-09T20:43:33.910141,dq,-0.0009414082561455273,-0.0003936158350057474,5.722211780655277e-05,-0.00012883510229065375,0.0004346695622960095,0.0006031628761454719,0.0016517285074699435
2024-07-09T20:43:33.910141,tau_J,-0.22432845830917358,-17.490346908569336,-1.931040644645691,20.243906021118164,0.520346999168396,2.341808319091797,-0.04957178607583046
2024-07-09T20:43:33.910141,dtau_J,9.392182350158691,61.67703628540039,43.75074768066406,7.303267478942871,-19.67464828491211,14.255919456481934,-45.444129943847656
2024-07-09T20:43:33.910141,O_F_ext_hat_K,-0.6952186893160024,-0.6970378450509283,-0.6847292129860195,0.4109516672777713,-0.2334604862736879,-0.2808587706900989
2,0,2,4,-,0,7,-,0,9,T,2,0,:,4,3,:,3,3,.,9,1,0,1,4,1
m,_,e,e
2024-07-09T20:43:33.951181,elbow,0.21131035731923678,-1.0
2024-07-09T20:43:33.951181,O_T_EE,-0.06316156178200545,-0.9977962305209678,-0.019850601316182943,0.0,-0.9971810811644525,0.062295158825463444,0.041592685123855944,0.0,-0.04026520330199346,0.022422134728940682,-0.998937416096347,0.0,0.035900912943692145,-0.41298547152947074,0.24440680293176628,1.0
2024-07-09T20:43:33.951181,tau_J_d,0.0,0.0,0.0,0.0,0.0,0.0,0.0
2024-07-09T20:43:33.951181,q,-1.681536637866731,-0.27481356381115163,0.21131035731923678,-2.593231797673266,0.025310391732388034,2.298011281276283,0.923247128255353
2024-07-09T20:43:33.951181,q_d,-1.6815261740249403,-0.27482654851526955,0.21132065834915612,-2.593220548049281,0.025309374479783903,2.2980109496646457,0.9232450681034888
2024-07-09T20:43:33.951181,dq,-0.0006050635552444743,0.00035982935874178003,-0.0006717871086359083,0.005716840976266748,0.00015506997589597677,-0.00045917500029919695,0.0007342225392200098
2024-07-09T20:43:33.951181,tau_J,-0.22432845830917358,-17.565725326538086,-1.931040644645691,20.243906021118164,0.520346999168396,2.352794647216797,-0.02851465716958046
2024-07-09T20:43:33.951181,dtau_J,75.09678649902344,-77.17009735107422,67.06049346923828,59.127864837646484,-3.1299898624420166,69.9057846069336,-19.27149200439453
2024-07-09T20:43:33.951181,O_F_ext_hat_K,-0.6619310066133086,-0.7928317898975789,-0.8206005398178097,0.5033729309434968,-0.20781036141238765,-0.27877670746107086
2,0,2,4,-,0,7,-,0,9,T,2,0,:,4,3,:,3,3,.,9,5,1,1,8,1
m,_,e,e
2024-07-09T20:43:33.992174,elbow,0.21131286297346408,-1.0
2024-07-09T20:43:33.992174,O_T_EE,-0.0631562882093509,-0.997796649996295,-0.01984629479264928,0.0,-0.9971813445749605,0.06229003137489243,0.04159404914404098,0.0,-0.04026695183399759,0.022417712292129563,-0.998937444871092,0.0,0.03590273608040148,-0.4129857493409263,0.24440782824169122,1.0
2024-07-09T20:43:33.992174,tau_J_d,0.0,0.0,0.0,0.0,0.0,0.0,0.0
2024-07-09T20:43:33.992174,q,-1.6815341942913486,-0.27481635661546566,0.21131286297346408,-2.5932323348221726,0.025309374479709677,2.298013294093898,0.9232474077845113
2024-07-09T20:43:33.992174,q_d,-1.6815261740249403,-0.27482654851526955,0.21132065834915612,-2.593220548049281,0.025309374479783903,2.2980109496646457,0.9232450681034888
2024-07-09T20:43:33.992174,dq,-0.0013470363779933816,-0.0012180126583477419,0.00024712086228713555,-0.001050723508622341,2.4364687193174383e-05,0.007824511584507567,0.0016095462650487628
2024-07-09T20:43:33.992174,tau_J,-0.22432845830917358,-17.526052474975586,-1.966746211051941,20.243906021118164,0.529502272605896,2.331737518310547,-0.05964258685708046
2024-07-09T20:43:33.992174,dtau_J,59.87312698364258,26.190967559814453,-44.65813446044922,106.60693359375,15.421756744384766,-26.843647003173828,-42.725555419921875
2024-07-09T20:43:33.992174,O_F_ext_hat_K,-0.7007429734678566,-0.9114341279432032,-0.9479425791889587,0.6025838453076993,-0.22362073555958822,-0.2919436517149571
2,0,2,4,-,0,7,-,0,9,T,2,0,:,4,3,:,3,3,.,9,9,2,1,7,4
m,_,e,e
2024-07-09T20:43:34.034208,elbow,0.21131262676244802,-1.0
2024-07-09T20:43:34.034208,O_T_EE,-0.06315913287988689,-0.9977964473317125,-0.019847431251482767,0.0,-0.9971811346385967,0.06229280890787188,0.04159492253215958,0.0,-0.04026768896515964,0.02241901488986104,-0.9989373859240495,0.0,0.03590115929706381,-0.41298559221369713,0.24440767947020603,1.0
2024-07-09T20:43:34.034208,tau_J_d,0.0,0.0,0.0,0.0,0.0,0.0,0.0
2024-07-09T20:43:34.034208,q,-1.6815374737573598,-0.27481634787091036,0.21131262676244802,-2.5932324939693476,0.025308317727919152,2.2980122298833674,0.9232474077844784
2024-07-09T20:43:34.034208,q_d,-1.6815261740249403,-0.27482654851526955,0.21132065834915612,-2.593220548049281,0.025309374479783903,2.2980109496646457,0.9232450681034888
2024-07-09T20:43:34.034208,dq,-0.0017922704577422112,0.0006440650091889055,0.0010769067964053077,-0.000670288134348491,-0.00040561700423741065,5.18899531515188e-05,0.001397885641297257
2024-07-09T20:43:34.034208,tau_J,-0.18862289190292358,-17.526052474975586,-1.966746211051941,20.243906021118164,0.538657546043396,2.331737518310547,-0.05964258685708046
2024-07-09T20:43:34.034208,dtau_J,117.45806884765625,2.987152099609375,-59.6847038269043,121.38043212890625,7.848105430603027,9.860389709472656,-52.330963134765625
2024-07-09T20:43:34.034208,O_F_ext_hat_K,-0.8312746853614588,-0.7931838524651873,-0.7588939945172404,0.47729360225982925,-0.2919599966221253,-0.33377506698211906
2,0,2,4,-,0,7,-,0,9,T,2,0,:,4,3,:,3,4,.,0,3,4,2,0,8
m,_,e,e
2024-07-09T20:43:34.075190,elbow,0.21131035728367895,-1.0
2024-07-09T20:43:34.075190,O_T_EE,-0.06315194816635875,-0.9977969393469325,-0.019845558039418048,0.0,-0.9971816146854287,0.062285724264818564,0.04159402345742412,0.0,-0.04026706961088693,0.022416800816374653,-0.998937460578044,0.0,0.03590275462251303,-0.4129860838703507,0.24440821270293292,1.0
2024-07-09T20:43:34.075190,tau_J_d,0.0,0.0,0.0,0.0,0.0,0.0,0.0
2024-07-09T20:43:34.075190,q,-1.681531724830556,-0.27481634787091036,0.21131035728367895,-2.593231549018631,0.02530821392767959,2.298013289345635,0.9232439491256242
2024-07-09T20:43:34.075190,q_d,-1.6815261740249403,-0.27482654851526955,0.21132065834915612,-2.593220548049281,0.025309374479783903,2.2980109496646457,0.9232450681034888
