timestamp,attribute_name,values
2024-07-09T20:46:36.063026,elbow,0.21130757228777874,-1.0
2024-07-09T20:46:36.063026,O_T_EE,-0.06316744135067863,-0.9977958998997324,-0.019848511221246732,0.0,-0.9971808344764084,0.06230118894076089,0.04158956733015829,0.0,-0.04026208908282676,0.02242009319411409,-0.9989375874417049,0.0,0.03589976433823372,-0.41298486332884476,0.24440782896203544,1.0
2024-07-09T20:46:36.063026,tau_J_d,0.0,0.0,0.0,0.0,0.0,0.0,0.0
2024-07-09T20:46:36.063026,q,-1.681537353150942,-0.27481885352469326,0.21130757228777874,-2.5932345601588667,0.025314605284068314,2.2980111107296413,0.9232466420193246
2024-07-09T20:46:36.063026,q_d,-1.6815261740249403,-0.27482654851526955,0.21132065834915612,-2.593220548049281,0.025309374479783903,2.2980109496646457,0.9232450681034888
2024-07-09T20:46:36.063026,dq,-0.0006439558034425956,-0.0007465721896605347,-0.0009121559604290633,-0.0008703743473207403,0.00047832078209075876,0.0016179415004856557,0.00035742654827439007
2024-07-09T20:46:36.063026,tau_J,-0.22432845830917358,-17.490346908569336,-1.891367793083191,20.243906021118164,0.511191725730896,2.341808319091797,-0.04957178607583046
2024-07-09T20:46:36.063026,dtau_J,22.434326171875,168.51812744140625,177.36097717285156,15.902956008911133,-61.303810119628906,31.57581901550293,-46.86095428466797
2024-07-09T20:46:36.063026,O_F_ext_hat_K,-0.7742863198105223,-0.7689774136188358,-0.8429744668858282,0.49611450898824894,-0.26499869622591415,-0.31466960512386183
2,0,2,4,-,0,7,-,0,9,T,2,0,:,4,6,:,3,6,.,0,6,3,0,2,6
m,_,e,e
2024-07-09T20:46:36.072656,elbow,0.21131035728367348,-1.0
2024-07-09T20:46:36.072656,O_T_EE,-0.0631546511383267,-0.9977968296898043,-0.019842469649225414,0.0,-0.9971815263043053,0.062288599038484806,0.041591837281460084,0.0,-0.04026501897088925,0.02241369367723279,-0.9989376129583954,0.0,0.035900693110136564,-0.41298746809156306,0.2444092513434362,1.0
2024-07-09T20:46:36.072656,tau_J_d,0.0,0.0,0.0,0.0,0.0,0.0,0.0
2024-07-09T20:46:36.072656,q,-1.6815376326681344,-0.27481634787091036,0.21131035728367348,-2.593229287140666,0.02531039175043127,2.2980145095582616,0.9232394732160563
2024-07-09T20:46:36.072656,q_d,-1.6815261740249403,-0.27482654851526955,0.21132065834915612,-2.593220548049281,0.025309374479783903,2.2980109496646457,0.9232450681034888
2024-07-09T20:46:36.072656,dq,-0.0015447951446792578,-0.002005614121912449,-0.0009932056155129154,0.0008193232681691372,0.00020453920874596737,0.0008159225822261437,-0.00024027848968200625
2024-07-09T20:46:36.072656,tau_J,-0.18862289190292358,-17.526052474975586,-1.931040644645691,20.168527603149414,0.520346999168396,2.320751190185547,0.011768546886742115
2024-07-09T20:46:36.072656,dtau_J,117.03230285644531,7.779017448425293,33.6026496887207,-95.52079010009766,9.37971305847168,-34.111412048339844,36.88576126098633
2024-07-09T20:46:36.072656,O_F_ext_hat_K,-0.7161843258259957,-0.8748335000714831,-0.9726344180455774,0.5884645943411216,-0.23684746484964878,-0.29295071179111576
2,0,2,4,-,0,7,-,0,9,T,2,0,:,4,6,:,3,6,.,0,7,2,6,5,6
m,_,e,e
2024-07-09T20:46:36.082550,elbow,0.211315647005586,-1.0
2024-07-09T20:46:36.082550,O_T_EE,-0.06315145468586053,-0.99779691257108,-0.019848474397009572,0.0,-0.9971816320599431,0.06228510204003196,0.04159453867203589,0.0,-0.040267413286105176,0.022419721366346766,-0.9989373811811737,0.0,0.03590500319953661,-0.41298603958415125,0.24440768750651234,1.0
2024-07-09T20:46:36.082550,tau_J_d,0.0,0.0,0.0,0.0,0.0,0.0,0.0
2024-07-09T20:46:36.082550,q,-1.6815316305570502,-0.27481356381115163,0.211315647005586,-2.593229347713429,0.025309374479784003,2.2980109496646426,0.9232478801883084
2024-07-09T20:46:36.082550,q_d,-1.6815261740249403,-0.27482654851526955,0.21132065834915612,-2.593220548049281,0.025309374479783903,2.2980109496646457,0.9232450681034888
2024-07-09T20:46:36.082550,dq,0.0006191109347308813,0.0009901581624442606,8.365262295017824e-05,0.0010708322295059061,-0.0002380302769378958,-0.0009600900960383587,0.000574883862688279
2024-07-09T20:46:36.082550,tau_J,-0.2640013098716736,-17.565725326538086,-2.0064191818237305,20.168527603149414,0.529502272605896,2.352794647216797,-0.05964258685708046
2024-07-09T20:46:36.082550,dtau_J,-88.52226257324219,-51.43872833251953,-128.6693878173828,-126.40199279785156,2.9629933834075928,51.542694091796875,-49.6217041015625
2024-07-09T20:46:36.082550,O_F_ext_hat_K,-0.5949052204641119,-0.7669841783990544,-0.8608714647371211,0.4996723051212967,-0.19002549037778127,-0.24078433794304566
2,0,2,4,-,0,7,-,0,9,T,2,0,:,4,6,:,3,6,.,0,8,2,5,5,0
m,_,e,e
2024-07-09T20:46:36.092682,elbow,0.21131815562518338,-1.0
2024-07-09T20:46:36.092682,O_T_EE,-0.06314491384352093,-0.9977974048075543,-0.01984453869991125,0.0,-0.9971820446356343,0.0622787316894692,0.041594186332408814,0.0,-0.04026745374963145,0.022415510556019102,-0.9989374740468167,0.0,0.035904095947338475,-0.4129868022558933,0.24440905285765357,1.0
2024-07-09T20:46:36.092682,tau_J_d,0.0,0.0,0.0,0.0,0.0,0.0,0.0
2024-07-09T20:46:36.092682,q,-1.6815363988905674,-0.27481634787091036,0.21131815562518338,-2.593228888491131,0.02531039173238807,2.2980121703677705,0.9232383413185214
2024-07-09T20:46:36.092682,q_d,-1.6815261740249403,-0.27482654851526955,0.21132065834915612,-2.593220548049281,0.025309374479783903,2.2980109496646457,0.9232450681034888
2024-07-09T20:46:36.092682,dq,-0.0006672673950665321,-0.00012864074400153384,0.002222028349247085,0.0002599933362088173,8.99480249842994e-05,-4.8585345064764844e-05,-0.00043236754852994186
2024-07-09T20:46:36.092682,tau_J,-0.22432845830917358,-17.526052474975586,-2.0421247482299805,20.204233169555664,0.520346999168396,2.341808319091797,0.02183934673666954
2024-07-09T20:46:36.092682,dtau_J,84.8099365234375,3.5099880695343018,-172.12635803222656,-53.76534652709961,-11.87802791595459,37.94747543334961,66.56155395507812
2024-07-09T20:46:36.092682,O_F_ext_hat_K,-0.6968576895499593,-0.7303193672661509,-0.7887716629441142,0.4581140762103442,-0.23624488842430846,-0.27835055592204055
2,0,2,4,-,0,7,-,0,9,T,2,0,:,4,6,:,3,6,.,0,9,2,6,8,2
m,_,e,e
2024-07-09T20:46:36.102564,elbow,0.21130757322393673,-1.0
2024-07-09T20:46:36.102564,O_T_EE,-0.06316110294833724,-0.9977962440721282,-0.019851380080795716,0.0,-0.9971811594410029,0.06229469545076257,0.04159150244704046,0.0,-0.04026398445703369,0.02242281908205643,-0.9989374498636324,0.0,0.03590084695710455,-0.4129856792742738,0.24440589967750243,1.0
2024-07-09T20:46:36.102564,tau_J_d,0.0,0.0,0.0,0.0,0.0,0.0,0.0
2024-07-09T20:46:36.102564,q,-1.6815344392253269,-0.27481077942737225,0.21130757322393673,-2.5932317972137713,0.02531039173238807,2.2980133030816847,0.9232462888065409
2024-07-09T20:46:36.102564,q_d,-1.6815261740249403,-0.27482654851526955,0.21132065834915612,-2.593220548049281,0.025309374479783903,2.2980109496646457,0.9232450681034888
2024-07-09T20:46:36.102564,dq,-0.0003765082667188174,0.0022653539465924744,-0.001502231039591496,-0.0007734292150466053,0.0003841397471565584,-8.864646733616231e-05,0.0009764764234609492
2024-07-09T20:46:36.102564,tau_J,-0.22432845830917358,-17.605398178100586,-1.891367793083191,20.243906021118164,0.520346999168396,2.331737518310547,-0.04957178607583046
2024-07-09T20:46:36.102564,dtau_J,25.99829864501953,-224.86160278320312,150.0123291015625,165.69345092773438,-27.59059715270996,14.384900093078613,-54.75215148925781
2024-07-09T20:46:36.102564,O_F_ext_hat_K,-0.6458047787086756,-0.7203622315295845,-0.7983844091341071,0.45792879419014965,-0.21014664254152532,-0.26241638974662457
2,0,2,4,-,0,7,-,0,9,T,2,0,:,4,6,:,3,6,.,1,0,2,5,6,4
m,_,e,e
2024-07-09T20:46:36.112636,elbow,0.2113149384085893,-1.0
2024-07-09T20:46:36.112636,O_T_EE,-0.06315379470450831,-0.9977968153106861,-0.019845918257453646,0.0,-0.9971815167377621,0.062287564291106705,0.041593616246552924,0.0,-0.04026659917550005,0.02241720917121704,-0.9989374703773072,0.0,0.03590132097239669,-0.41298618987942437,0.24440810399565088,1.0
2024-07-09T20:46:36.112636,tau_J_d,0.0,0.0,0.0,0.0,0.0,0.0,0.0
2024-07-09T20:46:36.112636,q,-1.6815398591272745,-0.27481634787090853,0.2113149384085893,-2.593231547443796,0.02531039173238807,2.2980132893457124,0.923240592191927
2024-07-09T20:46:36.112636,q_d,-1.6815261740249403,-0.27482654851526955,0.21132065834915612,-2.593220548049281,0.025309374479783903,2.2980109496646457,0.9232450681034888
2024-07-09T20:46:36.112636,dq,-0.00034490496504636865,0.00018842832324638244,0.001329015810520279,0.00032642105905302947,0.00028325280073769697,0.00020758942933876384,-0.00027385086111195763
2024-07-09T20:46:36.112636,tau_J,-0.18862289190292358,-17.526052474975586,-2.0064191818237305,20.204233169555664,0.520346999168396,2.331737518310547,0.001697746105492115
2024-07-09T20:46:36.112636,dtau_J,73.03304290771484,79.67221069335938,-132.20692443847656,-45.61480712890625,4.583261013031006,-8.438849449157715,10.24144172668457
2024-07-09T20:46:36.112636,O_F_ext_hat_K,-0.7226308206510368,-0.7447466619626018,-0.791498899661744,0.4666756749848198,-0.24310053522999153,-0.29368767328920664
2,0,2,4,-,0,7,-,0,9,T,2,0,:,4,6,:,3,6,.,1,1,2,6,3,6
m,_,e,e
2024-07-09T20:46:36.122608,elbow,0.21131035742419255,-1.0
2024-07-09T20:46:36.122608,O_T_EE,-0.06315626707238843,-0.9977966422525509,-0.019846751377085973,0.0,-0.9971813419297051,0.06228998901047893,0.04159417600524702,0.0,-0.040267050495625976,0.02241817467892298,-0.9989374305172711,0.0,0.03590243671178328,-0.4129857802443074,0.2444080267357099,1.0
2024-07-09T20:46:36.122608,tau_J_d,0.0,0.0,0.0,0.0,0.0,0.0,0.0
2024-07-09T20:46:36.122608,q,-1.6815324432859,-0.27481634787091036,0.21131035742419255,-2.5932317714125106,0.025308357227179737,2.298012170367771,0.9232474077844784
2024-07-09T20:46:36.122608,q_d,-1.6815261740249403,-0.27482654851526955,0.21132065834915612,-2.593220548049281,0.025309374479783903,2.2980109496646457,0.9232450681034888
2024-07-09T20:46:36.122608,dq,0.00043924425235750255,0.0006235503323684917,-0.0007489278473391739,0.0004170474383283885,-0.0004995259249793582,-0.0006785362969657475,0.0012130557489267119
2024-07-09T20:46:36.122608,tau_J,-0.2640013098716736,-17.526052474975586,-1.931040644645691,20.204233169555664,0.538657546043396,2.341808319091797,-0.05964258685708046
2024-07-09T20:46:36.122608,dtau_J,-120.10751342773438,17.713407516479492,159.88058471679688,40.12041091918945,30.98904800415039,-7.040117263793945,-75.42048645019531
2024-07-09T20:46:36.122608,O_F_ext_hat_K,-0.7339942017227189,-0.6024915864797095,-0.6131209763583932,0.33708086144475674,-0.2546273623689168,-0.29458219122564533
2,0,2,4,-,0,7,-,0,9,T,2,0,:,4,6,:,3,6,.,1,2,2,6,0,8
m,_,e,e
2024-07-09T20:46:36.163262,elbow,0.2113101211087312,-1.0
2024-07-09T20:46:36.163262,O_T_EE,-0.06315920087499541,-0.9977965218284194,-0.019843469282075362,0.0,-0.9971812516130901,0.06229310950147831,0.04159166792996473,0.0,-0.040264685412649937,0.022414863600143903,-0.9989376001524857,0.0,0.035900999662272864,-0.41298900036750374,0.24440921054978304,1.0
2024-07-09T20:46:36.163262,tau_J_d,0.0,0.0,0.0,0.0,0.0,0.0,0.0
2024-07-09T20:46:36.163262,q,-1.681537343625984,-0.2748107797513926,0.2113101211087312,-2.593223754956444,0.025309374479783903,2.2980132908718627,0.9232450681034888
2024-07-09T20:46:36.163262,q_d,-1.6815261740249403,-0.27482654851526955,0.21132065834915612,-2.593220548049281,0.025309374479783903,2.2980109496646457,0.9232450681034888
2024-07-09T20:46:36.163262,dq,-0.00022085377749973736,0.0019085766715112849,-0.00028707100801148277,0.002325133945904902,-0.00020854918953311813,0.006228919502215427,0.0004985214074182874
2024-07-09T20:46:36.163262,tau_J,-0.22432845830917358,-17.605398178100586,-1.931040644645691,20.093149185180664,0.529502272605896,2.331737518310547,-0.03858545795083046
2024-07-09T20:46:36.163262,dtau_J,-40.85892868041992,-193.60421752929688,49.8614616394043,-167.70730590820312,0.44354382157325745,-18.3126277923584,-30.868175506591797
2024-07-09T20:46:36.163262,O_F_ext_hat_K,-0.7329918793737366,-0.7374063203993463,-0.8579325908864953,0.4931651591003142,-0.24405486155313685,-0.29978015182644296
2,0,2,4,-,0,7,-,0,9,T,2,0,:,4,6,:,3,6,.,1,6,3,2,6,2
m,_,e,e
2024-07-09T20:46:36.204330,elbow,0.2113156480181944,-1.0
2024-07-09T20:46:36.204330,O_T_EE,-0.0631440987969491,-0.9977974119360047,-0.019846773595237822,0.0,-0.9971820928964945,0.06227782252799103,0.041594390594733105,0.0,-0.04026753671762506,0.022417719150616452,-0.9989374211404731,0.0,0.03590491112607121,-0.41298517057459705,0.2444084882491263,1.0
2024-07-09T20:46:36.204330,tau_J_d,0.0,0.0,0.0,0.0,0.0,0.0,0.0
2024-07-09T20:46:36.204330,q,-1.6815314864375657,-0.27481885352469326,0.2113156480181944,-2.593232565358703,0.02531039173237982,2.2980109542253837,0.9232397675716572
2024-07-09T20:46:36.204330,q_d,-1.6815261740249403,-0.27482654851526955,0.21132065834915612,-2.593220548049281,0.025309374479783903,2.2980109496646457,0.9232450681034888
2024-07-09T20:46:36.204330,dq,0.0007787903728282656,-0.00037015614343371815,0.0020777954473080364,-0.0011072180890621868,0.0001969581243022147,-0.00549372359496689,-0.00020317389285357036
2024-07-09T20:46:36.204330,tau_J,-0.2640013098716736,-17.490346908569336,-2.0064191818237305,20.243906021118164,0.520346999168396,2.352794647216797,0.02183934673666954
2024-07-09T20:46:36.204330,dtau_J,-84.13355255126953,11.40140438079834,-104.67475128173828,86.13026428222656,2.399005651473999,36.587188720703125,48.95249557495117
2024-07-09T20:46:36.204330,O_F_ext_hat_K,-0.7293516280175538,-0.7855588747978867,-0.8131283996018086,0.4917936345775246,-0.24488939646537333,-0.2986901463688324
2,0,2,4,-,0,7,-,0,9,T,2,0,:,4,6,:,3,6,.,2,0,4,3,3,0
m,_,e,e
2024-07-09T20:46:36.245322,elbow,0.21131035742819282,-1.0
2024-07-09T20:46:36.245322,O_T_EE,-0.06314890461907752,-0.9977972450892203,-0.019839869933570974,0.0,-0.9971818972539707,0.062282971237204,0.04159137150954999,0.0,-0.04026484508632908,0.022410840172183488,-0.9989376839888215,0.0,0.03590225205070358,-0.4129884727139111,0.244410397890947,1.0
2024-07-09T20:46:36.245322,tau_J_d,0.0,0.0,0.0,0.0,0.0,0.0,0.0
2024-07-09T20:46:36.245322,q,-1.6815342708898997,-0.27481634787091036,0.21131035742819282,-2.5932265437579187,0.02531039173238807,2.2980144971363887,0.9232372352584367
2024-07-09T20:46:36.245322,q_d,-1.6815261740249403,-0.27482654851526955,0.21132065834915612,-2.593220548049281,0.025309374479783903,2.2980109496646457,0.9232450681034888
2024-07-09T20:46:36.245322,dq,0.0009405599639756517,0.00030755364188440475,-0.0006026365581598949,0.001400874233296547,0.00013334337307917906,-2.816391896291444e-05,-0.0015526102877887772
2024-07-09T20:46:36.245322,tau_J,-0.2640013098716736,-17.526052474975586,-1.931040644645691,20.168527603149414,0.520346999168396,2.320751190185547,0.03191014751791954
2024-07-09T20:46:36.245322,dtau_J,-24.65260124206543,-92.50084686279297,129.32342529296875,-118.5210189819336,-21.187755584716797,-32.971153259277344,98.8290023803711
2024-07-09T20:46:36.245322,O_F_ext_hat_K,-0.7351612046746753,-0.7598134586717309,-0.8005115472213425,0.4754447335488881,-0.24990162841795976,-0.2982750453397849
2,0,2,4,-,0,7,-,0,9,T,2,0,:,4,6,:,3,6,.,2,4,5,3,2,2
m,_,e,e
2024-07-09T20:46:36.286288,elbow,0.21131035634761952,-1.0
2024-07-09T20:46:36.286288,O_T_EE,-0.06315955555019687,-0.9977963402064216,-0.019851471345498275,0.0,-0.997181227128758,0.06229312909775715,0.04159222560050417,0.0,-0.04026473543884655,0.02242289275005608,-0.9989374179400625,0.0,0.03590158184540755,-0.41298565436475065,0.24440581720306653,1.0
2024-07-09T20:46:36.286288,tau_J_d,0.0,0.0,0.0,0.0,0.0,0.0,0.0
2024-07-09T20:46:36.286288,q,-1.6815352097767078,-0.2748105435403767,0.21131035634761952,-2.5932316156220314,0.02531039178651764,2.2980132893714558,0.9232466420193237
2024-07-09T20:46:36.286288,q_d,-1.6815261740249403,-0.27482654851526955,0.21132065834915612,-2.593220548049281,0.025309374479783903,2.2980109496646457,0.9232450681034888
2024-07-09T20:46:36.286288,dq,0.0005275719910043004,0.002229142321454955,-0.0006876575573167927,-8.832723967950921e-05,6.340796766094611e-05,0.003094311759684331,0.00042873657855420794
2024-07-09T20:46:36.286288,tau_J,-0.22432845830917358,-17.605398178100586,-1.931040644645691,20.204233169555664,0.520346999168396,2.331737518310547,-0.04957178607583046
2024-07-09T20:46:36.286288,dtau_J,56.012542724609375,-261.12408447265625,102.72782135009766,-36.1804313659668,-14.005561828613281,-9.32735538482666,-63.011810302734375
2024-07-09T20:46:36.286288,O_F_ext_hat_K,-0.7616850400486487,-0.7209363567553748,-0.8557625897822898,0.485964933056418,-0.258415524466592,-0.30872625369510015
2,0,2,4,-,0,7,-,0,9,T,2,0,:,4,6,:,3,6,.,2,8,6,2,8,8
m,_,e,e
2024-07-09T20:46:36.327296,elbow,0.21130757325947802,-1.0
2024-07-09T20:46:36.327296,O_T_EE,-0.06314464715865716,-0.9977973734943416,-0.019846961586348848,0.0,-0.9971821914211358,0.0622784366233247,0.04159110897179898,0.0,-0.040264236764785195,0.02241772415934568,-0.9989375540449287,0.0,0.0359030845084161,-0.412986367797059,0.24440751544297035,1.0
2024-07-09T20:46:36.327296,tau_J_d,0.0,0.0,0.0,0.0,0.0,0.0,0.0
2024-07-09T20:46:36.327296,q,-1.6815291498670533,-0.27481356381115163,0.21130757325947802,-2.59323087852047,0.02531039173238807,2.2980145099970186,0.9232351753219137
2024-07-09T20:46:36.327296,q_d,-1.6815261740249403,-0.27482654851526955,0.21132065834915612,-2.593220548049281,0.025309374479783903,2.2980109496646457,0.9232450681034888
2024-07-09T20:46:36.327296,dq,0.0018968244124784506,0.0016039383232391016,-0.004715935881218743,0.0005934119804608763,0.0002446744866127314,0.0009619686278703577,-0.0011853852380787568
2024-07-09T20:46:36.327296,tau_J,-0.2997068762779236,-17.565725326538086,-1.891367793083191,20.204233169555664,0.520346999168396,2.320751190185547,0.02183934673666954
2024-07-09T20:46:36.327296,dtau_J,-71.63921356201172,-98.9742660522461,97.77244567871094,-36.807369232177734,-11.810770034790039,-15.059309005737305,86.43086242675781
2024-07-09T20:46:36.327296,O_F_ext_hat_K,-0.6728493417877699,-0.733345705112608,-0.8057343601667784,0.46945014109006283,-0.2285628932283748,-0.2660714479699111
2,0,2,4,-,0,7,-,0,9,T,2,0,:,4,6,:,3,6,.,3,2,7,2,9,6
m,_,e,e
2024-07-09T20:46:36.368380,elbow,0.21131286590461607,-1.0
2024-07-09T20:46:36.368380,O_T_EE,-0.06315942539587721,-0.9977965870044488,-0.019839476987675127,0.0,-0.9971811513380008,0.06229345228712209,0.04159355863086717,0.0,-0.04026681659111334,0.0224110092491841,-0.9989376007269176,0.0,0.03590292179234389,-0.41298794390778243,0.24441098725706778,1.0
2024-07-09T20:46:36.368380,tau_J_d,0.0,0.0,0.0,0.0,0.0,0.0,0.0
2024-07-09T20:46:36.368380,q,-1.681534442379792,-0.27481885352469326,0.21131286590461607,-2.593226995161797,0.025309374316715944,2.29801221012237,0.9232505736169143
2024-07-09T20:46:36.368380,q_d,-1.6815261740249403,-0.27482654851526955,0.21132065834915612,-2.593220548049281,0.025309374479783903,2.2980109496646457,0.9232450681034888
2024-07-09T20:46:36.368380,dq,0.00013108302723098162,-0.0009804267524615175,-0.002653452786665505,0.0013027104238308902,4.864147298983511e-05,0.0007451620023522647,0.0012756390611129212
2024-07-09T20:46:36.368380,tau_J,-0.22432845830917358,-17.490346908569336,-1.966746211051941,20.168527603149414,0.529502272605896,2.341808319091797,-0.05964258685708046
2024-07-09T20:46:36.368380,dtau_J,-21.21865463256836,38.001319885253906,-67.38250732421875,-206.62982177734375,-5.110418796539307,32.31571960449219,-81.1698226928711
2024-07-09T20:46:36.368380,O_F_ext_hat_K,-0.5993014457657093,-0.6990705968710339,-0.819598908663634,0.4592037587529649,-0.1946205234326482,-0.23704375442538217
2,0,2,4,-,0,7,-,0,9,T,2,0,:,4,6,:,3,6,.,3,6,8,3,8,0
m,_,e,e
2024-07-09T20:46:36.409292,elbow,0.21130754701425586,-1.0
2024-07-09T20:46:36.409292,O_T_EE,-0.06316068334399494,-0.997796347460619,-0.01984751810619455,0.0,-0.9971811300679697,0.06229440614397389,0.04159263998287344,0.0,-0.04026537013544758,0.02241902173321891,-0.9989374792410088,0.0,0.03589868058542155,-0.4129859142513095,0.24440787708812223,1.0
2024-07-09T20:46:36.409292,tau_J_d,0.0,0.0,0.0,0.0,0.0,0.0,0.0
2024-07-09T20:46:36.409292,q,-1.6815391632916856,-0.27481634787091036,0.21130754701425586,-2.5932322681983306,0.025309374479783903,2.298012170386391,0.9232417111697998
2024-07-09T20:46:36.409292,q_d,-1.6815261740249403,-0.27482654851526955,0.21132065834915612,-2.593220548049281,0.025309374479783903,2.2980109496646457,0.9232450681034888
2024-07-09T20:46:36.409292,dq,-0.0015201499363735208,-0.0002812079908869463,-0.0024953921120129544,-0.0005928059725261346,3.220391861938337e-05,0.0003531354142315209,-0.0010114881931644218
2024-07-09T20:46:36.409292,tau_J,-0.18862289190292358,-17.526052474975586,-1.891367793083191,20.243906021118164,0.529502272605896,2.341808319091797,-0.008373054675757885
2024-07-09T20:46:36.409292,dtau_J,102.64387512207031,-57.78636169433594,127.59239959716797,34.897666931152344,18.42852020263672,27.154165267944336,41.21056365966797
2024-07-09T20:46:36.409292,O_F_ext_hat_K,-0.654439666579137,-0.6916844175562159,-0.8084379389508445,0.4517547969132134,-0.22064631182333402,-0.25838486524308546
2,0,2,4,-,0,7,-,0,9,T,2,0,:,4,6,:,3,6,.,4,0,9,2,9,2
m,_,e,e
2024-07-09T20:46:36.450201,elbow,0.2113103838085596,-1.0
2024-07-09T20:46:36.450201,O_T_EE,-0.06315770923802287,-0.9977966260485972,-0.019842976365698733,0.0,-0.997181244458869,0.06229158351072906,0.04159412487834902,0.0,-0.040267202316099565,0.022414465059102145,-0.9989375076418687,0.0,0.03590167853024702,-0.41298638172124713,0.24440921757174963,1.0
2024-07-09T20:46:36.450201,tau_J_d,0.0,0.0,0.0,0.0,0.0,0.0,0.0
2024-07-09T20:46:36.450201,q,-1.681534321309305,-0.27481885348869095,0.2113103838085596,-2.593231576491121,0.025308344084810135,2.298013276433499,0.923247059093925
2024-07-09T20:46:36.450201,q_d,-1.6815261740249403,-0.27482654851526955,0.21132065834915612,-2.593220548049281,0.025309374479783903,2.2980109496646457,0.9232450681034888
2024-07-09T20:46:36.450201,dq,0.0007061371962865471,-0.0007058320807590106,0.0018206774446762625,-0.0009566156326678948,-0.0004614162291287854,0.0001901755257974997,0.0005599708551433402
2024-07-09T20:46:36.450201,tau_J,-0.2640013098716736,-17.490346908569336,-1.931040644645691,20.243906021118164,0.538657546043396,2.331737518310547,-0.05964258685708046
2024-07-09T20:46:36.450201,dtau_J,-34.673099517822266,29.093862533569336,80.1005630493164,62.716209411621094,35.84519958496094,-29.82616424560547,-70.88629150390625
2024-07-09T20:46:36.450201,O_F_ext_hat_K,-0.8055571251881977,-0.7488409853868392,-0.7841240256977149,0.4633603214654584,-0.27926993161779123,-0.32633267139233046
2,0,2,4,-,0,7,-,0,9,T,2,0,:,4,6,:,3,6,.,4,5,0,2,0,1
m,_,e,e
2024-07-09T20:46:36.491243,elbow,0.21131285390088803,-1.0
2024-07-09T20:46:36.491243,O_T_EE,-0.063149894993735,-0.9977970064645536,-0.01984871668053208,0.0,-0.9971818216977675,0.062283584589653,0.04159226451388883,0.0,-0.04026516302883384,0.022419758244279782,-0.9989374710593899,0.0,0.03590476285352688,-0.412985588092585,0.24440692726765573,1.0
2024-07-09T20:46:36.491243,tau_J_d,0.0,0.0,0.0,0.0,0.0,0.0,0.0
2024-07-09T20:46:36.491243,q,-1.6815299181183054,-0.27481356381115163,0.21131285390088803,-2.5932317799718865,0.025311408984992234,2.298013411516533,0.9232439491256981
2024-07-09T20:46:36.491243,q_d,-1.6815261740249403,-0.27482654851526955,0.21132065834915612,-2.593220548049281,0.025309374479783903,2.2980109496646457,0.9232450681034888
2024-07-09T20:46:36.491243,dq,0.0013278340582208747,0.0007968116822127281,0.0018391473040798938,0.00026490244210804925,0.0005916449806153987,6.394793628412094e-05,0.00072777314157919
2024-07-09T20:46:36.491243,tau_J,-0.2997068762779236,-17.565725326538086,-1.966746211051941,20.204233169555664,0.511191725730896,2.331737518310547,-0.02851465716958046
2024-07-09T20:46:36.491243,dtau_J,-143.22445678710938,-165.905517578125,-43.61345291137695,-132.60638427734375,-41.08883285522461,-43.22077941894531,-33.289371490478516
2024-07-09T20:46:36.491243,O_F_ext_hat_K,-0.7591863143931229,-0.7743091006023205,-0.8002075278350776,0.48023813345734817,-0.2563058666541471,-0.3113430914497301
2,0,2,4,-,0,7,-,0,9,T,2,0,:,4,6,:,3,6,.,4,9,1,2,4,3
m,_,e,e
2024-07-09T20:46:36.532204,elbow,0.2113156353772943,-1.0
2024-07-09T20:46:36.532204,O_T_EE,-0.06314089375623859,-0.99779774835319,-0.01984005590153434,0.0,-0.9971822663671159,0.062274884711306835,0.04159463040278285,0.0,-0.040268266654461995,0.0224109055272125,-0.9989375446013105,0.0,0.035904857885671985,-0.41298661470093023,0.24441051932025346,1.0
2024-07-09T20:46:36.532204,tau_J_d,0.0,0.0,0.0,0.0,0.0,0.0,0.0
2024-07-09T20:46:36.532204,q,-1.6815316574791062,-0.27482163758445205,0.2113156353772943,-2.593230886124277,0.025309374479783903,2.2980132893456346,0.923237236711987
2024-07-09T20:46:36.532204,q_d,-1.6815261740249403,-0.27482654851526955,0.21132065834915612,-2.593220548049281,0.025309374479783903,2.2980109496646457,0.9232450681034888
2024-07-09T20:46:36.532204,dq,0.000610267750093142,0.001291367341374077,-0.004761451961609201,0.000490366764905029,-0.0011362933678982915,0.006035721542958734,-0.0004655203398248898
2024-07-09T20:46:36.532204,tau_J,-0.2640013098716736,-17.450674057006836,-2.0064191818237305,20.204233169555664,0.529502272605896,2.331737518310547,0.03191014751791954
2024-07-09T20:46:36.532204,dtau_J,-36.632625579833984,249.07135009765625,-168.4825439453125,-75.90437316894531,26.667312622070312,-34.354034423828125,80.52620697021484
2024-07-09T20:46:36.532204,O_F_ext_hat_K,-0.5712208759465062,-0.6146947608693645,-0.6918125112245769,0.3721068666250304,-0.1824701717102229,-0.22847333197894384
2,0,2,4,-,0,7,-,0,9,T,2,0,:,4,6,:,3,6,.,5,3,2,2,0,4
m,_,e,e
2024-07-09T20:46:36.573312,elbow,0.21131310061377176,-1.0
2024-07-09T20:46:36.573312,O_T_EE,-0.06314468679589968,-0.997797471879272,-0.01984188856912373,0.0,-0.9971820387848237,0.062278604110704024,0.04159451762158814,0.0,-0.04026795468676304,0.0224128792017194,-0.9989375128961943,0.0,0.03590390840879832,-0.41298632434303817,0.24440901356525188,1.0
2024-07-09T20:46:36.573312,tau_J_d,0.0,0.0,0.0,0.0,0.0,0.0,0.0
2024-07-09T20:46:36.573312,q,-1.68153136824687,-0.27481885352469326,0.21131310061377176,-2.5932323613022934,0.025308357227179737,2.2980155082278784,0.923239590951657
2024-07-09T20:46:36.573312,q_d,-1.6815261740249403,-0.27482654851526955,0.21132065834915612,-2.593220548049281,0.025309374479783903,2.2980109496646457,0.9232450681034888
2024-07-09T20:46:36.573312,dq,0.0015840531883954871,-0.000551509699182768,0.0008711512631889345,-0.0010933779459318853,-0.00046043885721059165,0.00014053334826993885,0.00042069228386377696
2024-07-09T20:46:36.573312,tau_J,-0.2997068762779236,-17.490346908569336,-1.966746211051941,20.243906021118164,0.538657546043396,2.341808319091797,0.011768546886742115
2024-07-09T20:46:36.573312,dtau_J,-187.91319274902344,79.23558044433594,-63.554786682128906,23.707996368408203,26.144046783447266,-11.1945219039917,51.57246398925781
2024-07-09T20:46:36.573312,O_F_ext_hat_K,-0.6910038964975194,-0.7683473130922288,-0.8796020095015421,0.5094655539882181,-0.22282136621831575,-0.2841164560033057
2,0,2,4,-,0,7,-,0,9,T,2,0,:,4,6,:,3,6,.,5,7,3,3,1,2
m,_,e,e
2024-07-09T20:46:36.614319,elbow,0.21131286297346416,-1.0
2024-07-09T20:46:36.614319,O_T_EE,-0.06314845067187098,-0.9977972948983702,-0.019838809753751314,0.0,-0.9971818476263726,0.062282518371466096,0.041593239486365834,0.0,-0.04026678607301015,0.022409881056595953,-0.9989376272672782,0.0,0.03590380675097703,-0.41298807531588405,0.24441104893751592,1.0
2024-07-09T20:46:36.614319,tau_J_d,0.0,0.0,0.0,0.0,0.0,0.0,0.0
2024-07-09T20:46:36.614319,q,-1.6815323379386495,-0.27481885352469326,0.21131286297346416,-2.5932270690346613,0.025309374479783903,2.298013330610311,0.9232417111698654
2024-07-09T20:46:36.614319,q_d,-1.6815261740249403,-0.27482654851526955,0.21132065834915612,-2.593220548049281,0.025309374479783903,2.2980109496646457,0.9232450681034888
2024-07-09T20:46:36.614319,dq,0.00032302630320504887,0.00018034091634953092,0.00047059724487834574,0.0011842499483162012,-0.0002468001866696545,0.00023701355769892039,0.00026001547106418646
2024-07-09T20:46:36.614319,tau_J,-0.2640013098716736,-17.490346908569336,-1.966746211051941,20.168527603149414,0.529502272605896,2.331737518310547,-0.008373054675757885
2024-07-09T20:46:36.614319,dtau_J,-84.99879455566406,92.27825164794922,-53.25864791870117,-127.01580047607422,-7.186385154724121,-1.2505531311035156,6.982622146606445
2024-07-09T20:46:36.614319,O_F_ext_hat_K,-0.7272596319508261,-0.7361447780077319,-0.8229806585715824,0.4736995342936987,-0.24051770034400827,-0.29745855563518425
2,0,2,4,-,0,7,-,0,9,T,2,0,:,4,6,:,3,6,.,6,1,4,3,1,9
m,_,e,e
2024-07-09T20:46:36.622496,elbow,0.2113128634075104,-1.0
2024-07-09T20:46:36.622496,O_T_EE,-0.06315819746041391,-0.9977965558690135,-0.019844951264603887,0.0,-0.9971812554738836,0.062292012206224885,0.04159321877466374,0.0,-0.04026616374288774,0.022416397726360258,-0.9989375061385997,0.0,0.03590170952240714,-0.41298759052528916,0.24440884480313546,1.0
2024-07-09T20:46:36.622496,tau_J_d,0.0,0.0,0.0,0.0,0.0,0.0,0.0
2024-07-09T20:46:36.622496,q,-1.6815375030351962,-0.27481356381115163,0.2113128634075104,-2.5932269688851775,0.025309374479783903,2.2980121703680036,0.9232462887527787
2024-07-09T20:46:36.622496,q_d,-1.6815261740249403,-0.27482654851526955,0.21132065834915612,-2.593220548049281,0.025309374479783903,2.2980109496646457,0.9232450681034888
2024-07-09T20:46:36.622496,dq,-0.0011497249856698881,0.0010848704149877442,0.0006048619578577098,0.0010608123685965699,-0.00014119966417690713,0.005384403440972845,0.0004682733477970005
2024-07-09T20:46:36.622496,tau_J,-0.18862289190292358,-17.565725326538086,-1.966746211051941,20.168527603149414,0.529502272605896,2.341808319091797,-0.04957178607583046
2024-07-09T20:46:36.622496,dtau_J,107.543701171875,-59.815303802490234,-56.48477554321289,-126.84896087646484,-7.117398738861084,14.079601287841797,-45.65218734741211
2024-07-09T20:46:36.622496,O_F_ext_hat_K,-0.7117214383504754,-0.740732156102214,-0.7981247324793971,0.4650290429880688,-0.23587464406278263,-0.2904000322592214
2,0,2,4,-,0,7,-,0,9,T,2,0,:,4,6,:,3,6,.,6,2,2,4,9,6
m,_,e,e
2024-07-09T20:46:36.632508,elbow,0.21130778432904768,-1.0
2024-07-09T20:46:36.632508,O_T_EE,-0.06315252180715646,-0.9977968860889658,-0.01984641029930609,0.0,-0.9971816180830384,0.06228628385200976,0.041593104024689694,0.0,-0.04026608578019126,0.022417616552934685,-0.998937481929689,0.0,0.03590289335330872,-0.41298511298838614,0.24440821891853598,1.0
2024-07-09T20:46:36.632508,tau_J_d,0.0,0.0,0.0,0.0,0.0,0.0,0.0
2024-07-09T20:46:36.632508,q,-1.6815288779806876,-0.2748188534166864,0.21130778432904768,-2.593233897664479,0.025309374479783903,2.298012293992219,0.9232439491256239
2024-07-09T20:46:36.632508,q_d,-1.6815261740249403,-0.27482654851526955,0.21132065834915612,-2.593220548049281,0.025309374479783903,2.2980109496646457,0.9232450681034888
2024-07-09T20:46:36.632508,dq,0.001741129122291385,-0.000568725576642609,-0.0012539698169187895,-0.00025993247228087705,-0.0001505793209904725,0.001625897270661474,0.000728552166475177
2024-07-09T20:46:36.632508,tau_J,-0.2997068762779236,-17.490346908569336,-1.891367793083191,20.243906021118164,0.529502272605896,2.341808319091797,-0.02851465716958046
2024-07-09T20:46:36.632508,dtau_J,-138.6240234375,95.91753387451172,147.1920166015625,60.87478256225586,-7.330965995788574,-19.79546356201172,-28.585586547851562
2024-07-09T20:46:36.632508,O_F_ext_hat_K,-0.7264726582024418,-0.7356409929535286,-0.8356695407275558,0.48220090012662176,-0.24312338269478498,-0.29309604269049744
2,0,2,4,-,0,7,-,0,9,T,2,0,:,4,6,:,3,6,.,6,3,2,5,0,8
m,_,e,e
2024-07-09T20:46:36.673201,elbow,0.21131778385129701,-1.0
2024-07-09T20:46:36.673201,O_T_EE,-0.06314575940478545,-0.9977974350414568,-0.01984032749455248,0.0,-0.9971819557077043,0.06227973215703989,0.041594820285876404,0.0,-0.040268330000124856,0.02241138457575791,-0.9989375313003305,0.0,0.03590471621351418,-0.41298711723820686,0.24440992569084002,1.0
2024-07-09T20:46:36.673201,tau_J_d,0.0,0.0,0.0,0.0,0.0,0.0,0.0
2024-07-09T20:46:36.673201,q,-1.6815342414971517,-0.27481885352469326,0.21131778385129701,-2.593229727444158,0.025309374479783903,2.2980145100487563,0.9232417111697916
2024-07-09T20:46:36.673201,q_d,-1.6815261740249403,-0.27482654851526955,0.21132065834915612,-2.593220548049281,0.025309374479783903,2.2980109496646457,0.9232450681034888
2024-07-09T20:46:36.673201,dq,0.0013252985922803347,-0.00030247929097067586,0.0009864842328696963,-0.00018619204120006453,-0.00018430390835591872,0.0078632297325932,9.524107658666163e-05
2024-07-09T20:46:36.673201,tau_J,-0.2640013098716736,-17.490346908569336,-2.0064191818237305,20.204233169555664,0.529502272605896,2.320751190185547,-0.008373054675757885
2024-07-09T20:46:36.673201,dtau_J,-117.19544219970703,-89.87968444824219,-148.59552001953125,-74.98265075683594,1.9239376783370972,-7.411701202392578,0.8601455688476562
2024-07-09T20:46:36.673201,O_F_ext_hat_K,-0.7053593935963425,-0.7499899191335543,-0.809897571602752,0.4759975500657766,-0.23224933822539087,-0.2873052503598229
2,0,2,4,-,0,7,-,0,9,T,2,0,:,4,6,:,3,6,.,6,7,3,2,0,1
m,_,e,e
2024-07-09T20:46:36.714164,elbow,0.21130686462697312,-1.0
2024-07-09T20:46:36.714164,O_T_EE,-0.0631575512402981,-0.9977965018880828,-0.01984972147015778,0.0,-0.9971813521278569,0.06229119889326944,0.04159211956737082,0.0,-0.04026478368421799,0.022421060192629023,-0.9989374571286741,0.0,0.03589818534451004,-0.4129859624909217,0.2444069555026054,1.0
2024-07-09T20:46:36.714164,tau_J_d,0.0,0.0,0.0,0.0,0.0,0.0,0.0
2024-07-09T20:46:36.714164,q,-1.6815398885298323,-0.27481355797878126,0.21130686462697312,-2.5932318694625667,0.02530937399280672,2.2980125412408943,0.9232372357429535
2024-07-09T20:46:36.714164,q_d,-1.6815261740249403,-0.27482654851526955,0.21132065834915612,-2.593220548049281,0.025309374479783903,2.2980109496646457,0.9232450681034888
2024-07-09T20:46:36.714164,dq,-0.0013858153525288745,0.0011338454447968158,-0.004390566662723612,-0.00025888216089716256,-0.00014262566038960632,-0.0023290187595347424,-0.001688881068679169
2024-07-09T20:46:36.714164,tau_J,-0.18862289190292358,-17.565725326538086,-1.891367793083191,20.204233169555664,0.529502272605896,2.341808319091797,0.03191014751791954
2024-07-09T20:46:36.714164,dtau_J,164.1300506591797,-150.19015502929688,105.97542572021484,17.335102081298828,1.7253551483154297,2.6077539920806885,88.72704315185547
2024-07-09T20:46:36.714164,O_F_ext_hat_K,-0.6925035298316459,-0.7559637172295166,-0.790683585939748,0.46913477515892976,-0.23315849874461075,-0.2791848118428215
2,0,2,4,-,0,7,-,0,9,T,2,0,:,4,6,:,3,6,.,7,1,4,1,6,4
m,_,e,e
2024-07-09T20:46:36.755167,elbow,0.21131036024951,-1.0
2024-07-09T20:46:36.755167,O_T_EE,-0.06316507334804573,-0.9977960655629133,-0.019847719196799906,0.0,-0.9971808489301153,0.062298781132682016,0.041592827477887805,0.0,-0.04026544613346141,0.022419411119522004,-0.9989374674386416,0.0,0.03589952382112675,-0.4129856911407417,0.24440767295287055,1.0
2024-07-09T20:46:36.755167,tau_J_d,0.0,0.0,0.0,0.0,0.0,0.0,0.0
2024-07-09T20:46:36.755167,q,-1.6815398587804364,-0.2748163478722438,0.21131036024951,-2.5932325985552307,0.02531039173238807,2.2980121703677705,0.9232474120015687
2024-07-09T20:46:36.755167,q_d,-1.6815261740249403,-0.27482654851526955,0.21132065834915612,-2.593220548049281,0.025309374479783903,2.2980109496646457,0.9232450681034888
2024-07-09T20:46:36.755167,dq,-0.0006609040623204649,-0.00016921346677131166,4.63428177059454e-05,-0.0003787950586956705,0.00012130814422473656,-0.00016943752161655183,0.000629232715104552
2024-07-09T20:46:36.755167,tau_J,-0.18862289190292358,-17.526052474975586,-1.931040644645691,20.243906021118164,0.520346999168396,2.341808319091797,-0.05964258685708046
2024-07-09T20:46:36.755167,dtau_J,197.24526977539062,-70.95942687988281,81.77389526367188,-29.687973022460938,13.259565353393555,14.060009956359863,-69.25007629394531
2024-07-09T20:46:36.755167,O_F_ext_hat_K,-0.730737954042641,-0.711812294345499,-0.8090545804849368,0.45872552135960626,-0.24404165300714636,-0.2955268088828106
2,0,2,4,-,0,7,-,0,9,T,2,0,:,4,6,:,3,6,.,7,5,5,1,6,7
m,_,e,e
2024-07-09T20:46:36.797210,elbow,0.21131567340994803,-1.0
2024-07-09T20:46:36.797210,O_T_EE,-0.06314666959186067,-0.9977972836383278,-0.01984504433452776,0.0,-0.9971819571757762,0.062280477595884856,0.04159366892599508,0.0,-0.040266866293798706,0.02241605339701819,-0.9989374855460074,0.0,0.03590378502828788,-0.4129861162040169,0.2444080722029694,1.0
2024-07-09T20:46:36.797210,tau_J_d,0.0,0.0,0.0,0.0,0.0,0.0,0.0
2024-07-09T20:46:36.797210,q,-1.681534572369702,-0.27481634787091097,0.21131567340994803,-2.59323182472931,0.02531039173238807,2.298014505528723,0.9232394732140624
2024-07-09T20:46:36.797210,q_d,-1.6815261740249403,-0.27482654851526955,0.21132065834915612,-2.593220548049281,0.025309374479783903,2.2980109496646457,0.9232450681034888
2024-07-09T20:46:36.797210,dq,-0.0001837830431656151,0.00016149546401821247,0.0009744350635035599,-0.001088510099193256,4.377409491093719e-06,-0.000521766160974378,-0.0006538542269891709
2024-07-09T20:46:36.797210,tau_J,-0.2640013098716736,-17.526052474975586,-2.0064191818237305,20.243906021118164,0.520346999168396,2.320751190185547,0.011768546886742115
2024-07-09T20:46:36.797210,dtau_J,-37.334964752197266,1.2343498468399048,-110.98158264160156,105.82231140136719,-30.462322235107422,-23.273738861083984,32.160369873046875
2024-07-09T20:46:36.797210,O_F_ext_hat_K,-0.6387576576308276,-0.8001534545481783,-0.8688134168603084,0.5178929302568246,-0.2031673265583832,-0.2607328353173
2,0,2,4,-,0,7,-,0,9,T,2,0,:,4,6,:,3,6,.,7,9,7,2,1,0
m,_,e,e
2024-07-09T20:46:36.838173,elbow,0.21131283672779752,-1.0
2024-07-09T20:46:36.838173,O_T_EE,-0.06315542589921229,-0.9977967380734818,-0.019844610618929663,0.0,-0.9971814383746448,0.06228926205257897,0.04159295247067669,0.0,-0.04026598139583042,0.022415929564766686,-0.9989375239943578,0.0,0.035899606573330155,-0.4129880565015618,0.24440912963907432,1.0
2024-07-09T20:46:36.838173,tau_J_d,0.0,0.0,0.0,0.0,0.0,0.0,0.0
2024-07-09T20:46:36.838173,q,-1.6815426722973863,-0.27481356381115163,0.21131283672779752,-2.593226289405042,0.025309370096989223,2.298012170367848,0.9232383542363013
2024-07-09T20:46:36.838173,q_d,-1.6815261740249403,-0.27482654851526955,0.21132065834915612,-2.593220548049281,0.025309374479783903,2.2980109496646457,0.9232450681034888
2024-07-09T20:46:36.838173,dq,-0.002597645646654294,0.0013736287673838212,0.00019354580793935498,0.0015382813646650675,0.006379356674438528,-0.00011487556062310038,-0.0010051265119833373
2024-07-09T20:46:36.838173,tau_J,-0.14895004034042358,-17.565725326538086,-1.966746211051941,20.168527603149414,0.529502272605896,2.341808319091797,0.02183934673666954
2024-07-09T20:46:36.838173,dtau_J,154.6673583984375,-46.26689529418945,-64.33924865722656,-8.488197326660156,19.904212951660156,2.451350688934326,48.69007110595703
2024-07-09T20:46:36.838173,O_F_ext_hat_K,-0.7480084112516726,-0.7608493522916523,-0.8068150545416507,0.4785425756162195,-0.25317252014413744,-0.30089596427069437
2,0,2,4,-,0,7,-,0,9,T,2,0,:,4,6,:,3,6,.,8,3,8,1,7,3
m,_,e,e
2024-07-09T20:46:36.879115,elbow,0.21131278488904776,-1.0
2024-07-09T20:46:36.879115,O_T_EE,-0.06315110547050384,-0.9977969913357438,-0.01984562572454768,0.0,-0.9971816801364108,0.062284886419418234,0.04159370896245356,0.0,-0.04026677037716311,0.022416814698108224,-0.9989374723285654,0.0,0.03590170751002019,-0.4129867165601123,0.2444090010196458,1.0
2024-07-09T20:46:36.879115,tau_J_d,0.0,0.0,0.0,0.0,0.0,0.0,0.0
2024-07-09T20:46:36.879115,q,-1.6815369889620755,-0.27481634787091036,0.21131278488904776,-2.5932290888784495,0.025309326713283852,2.2980110732864354,0.9232394732140624
2024-07-09T20:46:36.879115,q_d,-1.6815261740249403,-0.27482654851526955,0.21132065834915612,-2.593220548049281,0.025309374479783903,2.2980109496646457,0.9232450681034888
