timestamp,attribute_name,values
2024-07-09T20:47:35.832307,elbow,0.21131249315283532,-1.0
2024-07-09T20:47:35.832307,O_T_EE,-0.063149252213602,-0.9977970728093235,-0.019847426513713292,0.0,-0.9971818162272105,0.06228297060048823,0.041593315090155694,0.0,-0.040266306614523475,0.02241851118921947,-0.998937452950726,0.0,0.03590150679307473,-0.4129861693086657,0.24440705106470587,1.0
2024-07-09T20:47:35.832307,tau_J_d,0.0,0.0,0.0,0.0,0.0,0.0,0.0
2024-07-09T20:47:35.832307,q,-1.6815370549995114,-0.27481356381115163,0.21131249315283532,-2.59323180898653,0.025309374479783903,2.29801486789668,0.9232372352584367
2024-07-09T20:47:35.832307,q_d,-1.6815261740249403,-0.27482654851526955,0.21132065834915612,-2.593220548049281,0.025309374479783903,2.2980109496646457,0.9232450681034888
2024-07-09T20:47:35.832307,dq,-0.0003473900328470197,0.0011231207056220931,-0.0006255465912694226,-0.0007895377389370632,-0.00011791212253934074,-0.0009537787736917905,-0.0006552628988747696
2024-07-09T20:47:35.832307,tau_J,-0.22432845830917358,-17.565725326538086,-1.931040644645691,20.243906021118164,0.529502272605896,2.320751190185547,0.03191014751791954
2024-07-09T20:47:35.832307,dtau_J,81.21065521240234,-75.21803283691406,43.4547119140625,56.937774658203125,0.49033716320991516,-10.69959831237793,98.33213806152344
2024-07-09T20:47:35.832307,O_F_ext_hat_K,-0.7280029078009306,-0.7687403898522084,-0.7948263700768743,0.47658726568735427,-0.2429315010590074,-0.29741682249306184
2,0,2,4,-,0,7,-,0,9,T,2,0,:,4,7,:,3,5,.,8,3,2,3,0,7
m,_,e,e
2024-07-09T20:47:35.842299,elbow,0.21131564737918002,-1.0
2024-07-09T20:47:35.842299,O_T_EE,-0.06315279510235335,-0.997796808282747,-0.01984945220230347,0.0,-0.9971814924994387,0.06228636975138517,0.04159598611638239,0.0,-0.040268767163617096,0.02242084083134089,-0.9989373014796964,0.0,0.035903134590785514,-0.4129846127484183,0.24440682884495957,1.0
2024-07-09T20:47:35.842299,tau_J_d,0.0,0.0,0.0,0.0,0.0,0.0,0.0
2024-07-09T20:47:35.842299,q,-1.6815351486342283,-0.27481634787091036,0.21131564737918002,-2.593234348300202,0.025308357227179737,2.298012131293515,0.9232461321022689
2024-07-09T20:47:35.842299,q_d,-1.6815261740249403,-0.27482654851526955,0.21132065834915612,-2.593220548049281,0.025309374479783903,2.2980109496646457,0.9232450681034888
2024-07-09T20:47:35.842299,dq,-0.000555651251899075,0.0007926647984765031,0.0015217283143604265,-0.0011799410770738804,-0.0003965680635344703,-0.004433045688777173,-0.00034415544422946556
2024-07-09T20:47:35.842299,tau_J,-0.22432845830917358,-17.526052474975586,-2.0064191818237305,20.243906021118164,0.538657546043396,2.341808319091797,-0.03858545795083046
2024-07-09T20:47:35.842299,dtau_J,-69.85692596435547,-10.707752227783203,-112.61540985107422,42.206520080566406,29.971759796142578,9.910103797912598,0.6958389282226562
2024-07-09T20:47:35.842299,O_F_ext_hat_K,-0.735738241450326,-0.7819352759824947,-0.8380199772525533,0.500930871255844,-0.24154565438394704,-0.30520966182446124
2,0,2,4,-,0,7,-,0,9,T,2,0,:,4,7,:,3,5,.,8,4,2,2,9,9
m,_,e,e
2024-07-09T20:47:35.852300,elbow,0.21131286297346605,-1.0
2024-07-09T20:47:35.852300,O_T_EE,-0.06314786330840806,-0.9977970374254331,-0.01985362349344801,0.0,-0.9971819602483126,0.062281356154321656,0.041592279717748114,0.0,-0.040264918110835976,0.02242457053000166,-0.9989373729148753,0.0,0.03590275441069037,-0.4129844621154122,0.24440455348523538,1.0
2024-07-09T20:47:35.852300,tau_J_d,0.0,0.0,0.0,0.0,0.0,0.0,0.0
2024-07-09T20:47:35.852300,q,-1.6815344414349334,-0.27481077975139284,0.21131286297346605,-2.593235017472186,0.02531145278261876,2.298014774365023,0.923237235264443
2024-07-09T20:47:35.852300,q_d,-1.6815261740249403,-0.27482654851526955,0.21132065834915612,-2.593220548049281,0.025309374479783903,2.2980109496646457,0.9232450681034888
2024-07-09T20:47:35.852300,dq,0.00021558328842429664,0.0011783914747000139,-0.00017618629208851423,-0.0016340088299471867,0.00011938264731906542,0.005253486572914735,-0.0017408818753380112
2024-07-09T20:47:35.852300,tau_J,-0.22432845830917358,-17.605398178100586,-1.966746211051941,20.279611587524414,0.520346999168396,2.331737518310547,0.03191014751791954
2024-07-09T20:47:35.852300,dtau_J,27.864303588867188,-251.07591247558594,-34.188167572021484,77.3513412475586,-30.569400787353516,-14.476015090942383,80.70364379882812
2024-07-09T20:47:35.852300,O_F_ext_hat_K,-0.7396282617129802,-0.7641495701192834,-0.7970887487427356,0.47760587486115025,-0.24800189695474223,-0.3018643459389885
2,0,2,4,-,0,7,-,0,9,T,2,0,:,4,7,:,3,5,.,8,5,2,3,0,0
m,_,e,e
2024-07-09T20:47:35.862322,elbow,0.21131035818827845,-1.0
2024-07-09T20:47:35.862322,O_T_EE,-0.06315695044753743,-0.9977964956675551,-0.01985194562058142,0.0,-0.9971813699249229,0.06229049478326721,0.04159274739084354,0.0,-0.04026528530816889,0.02242329313342487,-0.9989373867886336,0.0,0.035900554243741084,-0.4129850980060572,0.24440644032813866,1.0
2024-07-09T20:47:35.862322,tau_J_d,0.0,0.0,0.0,0.0,0.0,0.0,0.0
2024-07-09T20:47:35.862322,q,-1.6815373708797683,-0.27481356381115163,0.21131035818827845,-2.593232598835319,0.025310391251400544,2.298010948728221,0.9232417111697916
2024-07-09T20:47:35.862322,q_d,-1.6815261740249403,-0.27482654851526955,0.21132065834915612,-2.593220548049281,0.025309374479783903,2.2980109496646457,0.9232450681034888
2024-07-09T20:47:35.862322,dq,4.4828389715167606e-05,0.0016410238691879795,-2.21231846904927e-05,-0.0008087945085573905,-0.0005757273449225673,-0.0005207927516160804,-0.0005999409138977455
2024-07-09T20:47:35.862322,tau_J,-0.22432845830917358,-17.565725326538086,-1.931040644645691,20.243906021118164,0.520346999168396,2.352794647216797,-0.008373054675757885
2024-07-09T20:47:35.862322,dtau_J,-13.244537353515625,-48.67575454711914,81.14527893066406,87.64202880859375,-12.581366539001465,42.110740661621094,13.915968894958496
2024-07-09T20:47:35.862322,O_F_ext_hat_K,-0.717342817193202,-0.7831040490853978,-0.8441808275696494,0.5058139849321005,-0.23508127263622566,-0.29666711474786556
2,0,2,4,-,0,7,-,0,9,T,2,0,:,4,7,:,3,5,.,8,6,2,3,2,2
m,_,e,e
2024-07-09T20:47:35.872321,elbow,0.21131286297346905,-1.0
2024-07-09T20:47:35.872321,O_T_EE,-0.06315599300695271,-0.9977967604747153,-0.01984167923029076,0.0,-0.9971813609998319,0.06228992764234619,0.04159381071797314,0.0,-0.04026700809131946,0.022413082639514626,-0.9989375464892527,0.0,0.035902842704111045,-0.4129870893983111,0.24441012774303805,1.0
2024-07-09T20:47:35.872321,tau_J_d,0.0,0.0,0.0,0.0,0.0,0.0,0.0
2024-07-09T20:47:35.872321,q,-1.6815343208731899,-0.27481885352469326,0.21131286297346905,-2.5932290419233857,0.025309374479781186,2.298012168914215,0.9232471282015179
2024-07-09T20:47:35.872321,q_d,-1.6815261740249403,-0.27482654851526955,0.21132065834915612,-2.593220548049281,0.025309374479783903,2.2980109496646457,0.9232450681034888
2024-07-09T20:47:35.872321,dq,0.0013134490159010484,-0.0004644474321656488,0.0007223970788213671,-0.00017643933733487498,-0.0004658751884471889,-0.00010924260244376654,-0.0007318608168251586
2024-07-09T20:47:35.872321,tau_J,-0.2640013098716736,-17.490346908569336,-1.966746211051941,20.204233169555664,0.529502272605896,2.341808319091797,-0.02851465716958046
2024-07-09T20:47:35.872321,dtau_J,-31.5397891998291,74.33209228515625,-24.749507904052734,-9.48801326751709,17.975597381591797,-6.385261535644531,-38.623756408691406
2024-07-09T20:47:35.872321,O_F_ext_hat_K,-0.7089510664778176,-0.7742115231219776,-0.8244923100318555,0.49347218959292777,-0.2334645668184796,-0.2900983229631509
2,0,2,4,-,0,7,-,0,9,T,2,0,:,4,7,:,3,5,.,8,7,2,3,2,1
m,_,e,e
2024-07-09T20:47:35.882303,elbow,0.21131035731968126,-1.0
2024-07-09T20:47:35.882303,O_T_EE,-0.06314861866519637,-0.9977973108525393,-0.01983747255390537,0.0,-0.9971818519357623,0.06228275023615862,0.041592788968666965,0.0,-0.04026641588868462,0.02240852622240185,-0.9989376725822385,0.0,0.03590190879360185,-0.4129881755221263,0.24441206018732714,1.0
2024-07-09T20:47:35.882303,tau_J_d,0.0,0.0,0.0,0.0,0.0,0.0,0.0
2024-07-09T20:47:35.882303,q,-1.681534519169141,-0.27482163758445205,0.21131035731968126,-2.5932272718534204,0.025309374479783903,2.298012229707481,0.9232372353122746
2024-07-09T20:47:35.882303,q_d,-1.6815261740249403,-0.27482654851526955,0.21132065834915612,-2.593220548049281,0.025309374479783903,2.2980109496646457,0.9232450681034888
2024-07-09T20:47:35.882303,dq,0.0005979675731239599,-0.0016359151725821059,0.0012725051482604887,0.001315989303219832,5.2809894289855014e-05,0.0002672269178087832,-0.0017776952217249582
2024-07-09T20:47:35.882303,tau_J,-0.2640013098716736,-17.450674057006836,-1.931040644645691,20.168527603149414,0.529502272605896,2.331737518310547,0.03191014751791954
2024-07-09T20:47:35.882303,dtau_J,-55.89476013183594,130.554443359375,65.91508483886719,-85.63581848144531,3.361623764038086,-55.72966766357422,95.32535552978516
2024-07-09T20:47:35.882303,O_F_ext_hat_K,-0.814449837994239,-0.7800557990827657,-0.8044936048691951,0.48787212398237584,-0.27949121464846355,-0.32962933543302286
2,0,2,4,-,0,7,-,0,9,T,2,0,:,4,7,:,3,5,.,8,8,2,3,0,3
m,_,e,e
2024-07-09T20:47:35.892304,elbow,0.21131035731968126,-1.0
2024-07-09T20:47:35.892304,O_T_EE,-0.06314861866519637,-0.9977973108525393,-0.01983747255390537,0.0,-0.9971818519357623,0.06228275023615862,0.041592788968666965,0.0,-0.04026641588868462,0.02240852622240185,-0.9989376725822385,0.0,0.03590190879360185,-0.4129881755221263,0.24441206018732714,1.0
2024-07-09T20:47:35.892304,tau_J_d,0.0,0.0,0.0,0.0,0.0,0.0,0.0
2024-07-09T20:47:35.892304,q,-1.681534519169141,-0.27482163758445205,0.21131035731968126,-2.5932272718534204,0.025309374479783903,2.298012229707481,0.9232372353122746
2024-07-09T20:47:35.892304,q_d,-1.6815261740249403,-0.27482654851526955,0.21132065834915612,-2.593220548049281,0.025309374479783903,2.2980109496646457,0.9232450681034888
2024-07-09T20:47:35.892304,dq,0.0005979675731239599,-0.0016359151725821059,0.0012725051482604887,0.001315989303219832,5.2809894289855014e-05,0.0002672269178087832,-0.0017776952217249582
2024-07-09T20:47:35.892304,tau_J,-0.2640013098716736,-17.450674057006836,-1.931040644645691,20.168527603149414,0.529502272605896,2.331737518310547,0.03191014751791954
2024-07-09T20:47:35.892304,dtau_J,-55.89476013183594,130.554443359375,65.91508483886719,-85.63581848144531,3.361623764038086,-55.72966766357422,95.32535552978516
2024-07-09T20:47:35.892304,O_F_ext_hat_K,-0.814449837994239,-0.7800557990827657,-0.8044936048691951,0.48787212398237584,-0.27949121464846355,-0.32962933543302286
2,0,2,4,-,0,7,-,0,9,T,2,0,:,4,7,:,3,5,.,8,9,2,3,0,4
m,_,e,e
2024-07-09T20:47:35.934194,elbow,0.21130757023173075,-1.0
2024-07-09T20:47:35.934194,O_T_EE,-0.06316440744353465,-0.9977960898835675,-0.01984861573458698,0.0,-0.997180941864855,0.06229810686412183,0.04159160929653441,0.0,-0.04026418915432043,0.022420202347138322,-0.9989375003464724,0.0,0.03589946930910911,-0.4129860390334899,0.24440703035798836,1.0
2024-07-09T20:47:35.934194,tau_J_d,0.0,0.0,0.0,0.0,0.0,0.0,0.0
2024-07-09T20:47:35.934194,q,-1.6815377151153827,-0.27481356381115163,0.21130757023173075,-2.5932317970289693,0.025310431192870488,2.2980132893519243,0.9232462888066139
2024-07-09T20:47:35.934194,q_d,-1.6815261740249403,-0.27482654851526955,0.21132065834915612,-2.593220548049281,0.025309374479783903,2.2980109496646457,0.9232450681034888
2024-07-09T20:47:35.934194,dq,-0.0009997975049725904,0.0002711375560118752,-0.0013727638292141966,-0.0003889879931894761,0.00010713480607579302,0.0003321106040082398,0.00011929247194539334
2024-07-09T20:47:35.934194,tau_J,-0.18862289190292358,-17.565725326538086,-1.891367793083191,20.204233169555664,0.520346999168396,2.331737518310547,-0.04957178607583046
2024-07-09T20:47:35.934194,dtau_J,111.47925567626953,-33.26128387451172,140.56935119628906,-5.860645771026611,-22.631505966186523,17.121204376220703,-31.259815216064453
2024-07-09T20:47:35.934194,O_F_ext_hat_K,-0.6979451358448614,-0.7536970333376358,-0.8157558177303376,0.47989099605014096,-0.23191941331870025,-0.28358601781106063
2,0,2,4,-,0,7,-,0,9,T,2,0,:,4,7,:,3,5,.,9,3,4,1,9,4
m,_,e,e
2024-07-09T20:47:35.975185,elbow,0.21131034857112557,-1.0
2024-07-09T20:47:35.975185,O_T_EE,-0.06316052032916686,-0.9977963302665215,-0.019848901219463286,0.0,-0.9971811285123698,0.062294179042156034,0.041593017412403135,0.0,-0.04026566437126611,0.022420418002105234,-0.9989374360435949,0.0,0.03590134775119079,-0.41298495447696454,0.24440704657238682,1.0
2024-07-09T20:47:35.975185,tau_J_d,0.0,0.0,0.0,0.0,0.0,0.0,0.0
2024-07-09T20:47:35.975185,q,-1.6815352107228574,-0.2748163566194659,0.21131034857112557,-2.593234178304468,0.02531039173238807,2.298012541241116,0.9232474077844784
2024-07-09T20:47:35.975185,q_d,-1.6815261740249403,-0.27482654851526955,0.21132065834915612,-2.593220548049281,0.025309374479783903,2.2980109496646457,0.9232450681034888
2024-07-09T20:47:35.975185,dq,0.00024427042393553695,7.345324564780937e-05,-0.0008581431384947931,-0.0019787792206936543,0.0001874187402946092,0.00501418699780405,0.001992764961097104
2024-07-09T20:47:35.975185,tau_J,-0.22432845830917358,-17.526052474975586,-1.931040644645691,20.279611587524414,0.520346999168396,2.341808319091797,-0.05964258685708046
2024-07-09T20:47:35.975185,dtau_J,-44.6171989440918,1.6972062587738037,108.19554901123047,82.90766143798828,1.2985950708389282,5.908475875854492,-94.12809753417969
2024-07-09T20:47:35.975185,O_F_ext_hat_K,-0.6900798526842895,-0.7401324814248649,-0.8072523552366667,0.47169063414428747,-0.22886501760130368,-0.2788863904258847
2,0,2,4,-,0,7,-,0,9,T,2,0,:,4,7,:,3,5,.,9,7,5,1,8,5
m,_,e,e
2024-07-09T20:47:36.016192,elbow,0.21131295086733692,-1.0
2024-07-09T20:47:36.016192,O_T_EE,-0.06315247828859757,-0.9977968730963271,-0.01984720197934467,0.0,-0.9971815506736074,0.06228616831675483,0.04159489312169276,0.0,-0.04026782341088111,0.022418515856979963,-0.998937391704065,0.0,0.03590243449636229,-0.4129851813408588,0.24440707696853883,1.0
2024-07-09T20:47:36.016192,tau_J_d,0.0,0.0,0.0,0.0,0.0,0.0,0.0
2024-07-09T20:47:36.016192,q,-1.6815345117570057,-0.27481634787092685,0.21131295086733692,-2.5932343595834064,0.025308357227179737,2.298014472837875,0.9232439622075764
2024-07-09T20:47:36.016192,q_d,-1.6815261740249403,-0.27482654851526955,0.21132065834915612,-2.593220548049281,0.025309374479783903,2.2980109496646457,0.9232450681034888
2024-07-09T20:47:36.016192,dq,0.00018060243657913979,-0.00028392962797626575,0.00044164796881258813,-0.0003455224237997151,-0.0003361074752013512,0.0014825452200017178,0.00021356897018115755
2024-07-09T20:47:36.016192,tau_J,-0.22432845830917358,-17.526052474975586,-1.966746211051941,20.243906021118164,0.538657546043396,2.320751190185547,-0.02851465716958046
2024-07-09T20:47:36.016192,dtau_J,-46.089759826660156,-40.113582611083984,-30.321674346923828,86.26453399658203,20.518535614013672,-30.537553787231445,-42.67450714111328
2024-07-09T20:47:36.016192,O_F_ext_hat_K,-0.6736422850756544,-0.7322505727537871,-0.8111342934542467,0.47045365698596187,-0.2205300302411677,-0.2733044705918463
2,0,2,4,-,0,7,-,0,9,T,2,0,:,4,7,:,3,6,.,0,1,6,1,9,2
m,_,e,e
2024-07-09T20:47:36.058172,elbow,0.21131035742819282,-1.0
2024-07-09T20:47:36.058172,O_T_EE,-0.06315277311989856,-0.9977968381532265,-0.019848020553668366,0.0,-0.9971816253465001,0.06228648066523929,0.0415926351516632,0.0,-0.04026551173220622,0.022419203285945086,-0.9989374694589082,0.0,0.03590087939739722,-0.41298560513490495,0.2444077049590159,1.0
2024-07-09T20:47:36.058172,tau_J_d,0.0,0.0,0.0,0.0,0.0,0.0,0.0
2024-07-09T20:47:36.058172,q,-1.6815365853572921,-0.27481634787091036,0.21131035742819282,-2.593232522199975,0.02531039173238807,2.298012170424332,0.9232383542363013
2024-07-09T20:47:36.058172,q_d,-1.6815261740249403,-0.27482654851526955,0.21132065834915612,-2.593220548049281,0.025309374479783903,2.2980109496646457,0.9232450681034888
2024-07-09T20:47:36.058172,dq,-0.0001401588089327364,0.00013470334342958516,0.00030707787003287794,-0.0008594416827934338,0.0002534937810520726,0.0004181539087086424,0.000525863970580786
2024-07-09T20:47:36.058172,tau_J,-0.22432845830917358,-17.526052474975586,-1.931040644645691,20.243906021118164,0.520346999168396,2.341808319091797,0.02183934673666954
2024-07-09T20:47:36.058172,dtau_J,91.95028686523438,-75.46990966796875,39.18526840209961,78.07115173339844,9.638938903808594,8.005928039550781,88.93214416503906
2024-07-09T20:47:36.058172,O_F_ext_hat_K,-0.6432552930980462,-0.7496274170991664,-0.8492576513065155,0.4919096337136631,-0.2042909718382133,-0.2627264551416565
2,0,2,4,-,0,7,-,0,9,T,2,0,:,4,7,:,3,6,.,0,5,8,1,7,2
m,_,e,e
2024-07-09T20:47:36.100169,elbow,0.211312862973466,-1.0
2024-07-09T20:47:36.100169,O_T_EE,-0.06314639280952701,-0.9977973328519725,-0.019843450552850018,0.0,-0.9971819760862388,0.06228026833146271,0.04159352890189991,0.0,-0.04026683203845881,0.0224144440965408,-0.9989375230380675,0.0,0.03590496773731674,-0.4129863081136946,0.24440824349857426,1.0
2024-07-09T20:47:36.100169,tau_J_d,0.0,0.0,0.0,0.0,0.0,0.0,0.0
2024-07-09T20:47:36.100169,q,-1.6815289835779226,-0.2748163566194165,0.211312862973466,-2.593231852651809,0.025309374479783903,2.298015880573619,0.9232428301477597
2024-07-09T20:47:36.100169,q_d,-1.6815261740249403,-0.27482654851526955,0.21132065834915612,-2.593220548049281,0.025309374479783903,2.2980109496646457,0.9232450681034888
2024-07-09T20:47:36.100169,dq,0.0018780294269713442,0.0005804422885047766,0.000655395771562868,8.917622906670252e-05,0.00942109891936414,-0.000775501166239301,-0.0007049222195710089
2024-07-09T20:47:36.100169,tau_J,-0.2997068762779236,-17.526052474975586,-1.966746211051941,20.204233169555664,0.529502272605896,2.341808319091797,-0.01844385638833046
2024-07-09T20:47:36.100169,dtau_J,-163.0689697265625,5.305168151855469,-52.05048370361328,11.567878723144531,22.943035125732422,29.150325775146484,-8.542732238769531
2024-07-09T20:47:36.100169,O_F_ext_hat_K,-0.6891675278077161,-0.8180876177018791,-0.8227681791437081,0.5085227739637462,-0.22398389740676475,-0.2874814293886206
2,0,2,4,-,0,7,-,0,9,T,2,0,:,4,7,:,3,6,.,1,0,0,1,6,9
m,_,e,e
2024-07-09T20:47:36.142105,elbow,0.21131564704158848,-1.0
2024-07-09T20:47:36.142105,O_T_EE,-0.06315578503325912,-0.9977968745323519,-0.01983660483830867,0.0,-0.9971813680438439,0.062289928020360555,0.04159364127645278,0.0,-0.0402671598461244,0.022408003240715894,-0.9989376543251789,0.0,0.035902740384414,-0.4129878171023917,0.24441145549440838,1.0
2024-07-09T20:47:36.142105,tau_J_d,0.0,0.0,0.0,0.0,0.0,0.0,0.0
2024-07-09T20:47:36.142105,q,-1.681537356392701,-0.2748218708792665,0.21131564704158848,-2.5932290981863177,0.025310391726376006,2.298014470804997,0.9232459502068996
2024-07-09T20:47:36.142105,q_d,-1.6815261740249403,-0.27482654851526955,0.21132065834915612,-2.593220548049281,0.025309374479783903,2.2980109496646457,0.9232450681034888
2024-07-09T20:47:36.142105,dq,-0.0002683170122616218,-0.0016646860108372025,0.001581969396451694,0.0002597230386167089,0.00016974440264730435,0.004514247348296942,-0.0006397096740531763
2024-07-09T20:47:36.142105,tau_J,-0.22432845830917358,-17.450674057006836,-2.0064191818237305,20.204233169555664,0.520346999168396,2.320751190185547,-0.008373054675757885
2024-07-09T20:47:36.142105,dtau_J,-29.397817611694336,167.03562927246094,-152.66326904296875,17.315876007080078,-8.066502571105957,-38.96278762817383,-9.900604248046875
2024-07-09T20:47:36.142105,O_F_ext_hat_K,-0.7218224485751178,-0.8034578748860143,-0.8255702100788992,0.5029773146589931,-0.23860517076923907,-0.2999793788484142
2,0,2,4,-,0,7,-,0,9,T,2,0,:,4,7,:,3,6,.,1,4,2,1,0,5
m,_,e,e
2024-07-09T20:47:36.184226,elbow,0.21131286297361299,-1.0
2024-07-09T20:47:36.184226,O_T_EE,-0.06314620652670977,-0.99779726996616,-0.019847205107338,0.0,-0.9971819926873638,0.062279928422288855,0.04159363986213687,0.0,-0.04026671304793267,0.02241818773072538,-0.9989374438267822,0.0,0.03590253358793547,-0.41298495078433894,0.2444079111753715,1.0
2024-07-09T20:47:36.184226,tau_J_d,0.0,0.0,0.0,0.0,0.0,0.0,0.0
2024-07-09T20:47:36.184226,q,-1.681534519011728,-0.27481885352469326,0.21131286297361299,-2.5932343871118047,0.02531039173238807,2.2980124501122368,0.923236132292882
2024-07-09T20:47:36.184226,q_d,-1.6815261740249403,-0.27482654851526955,0.21132065834915612,-2.593220548049281,0.025309374479783903,2.2980109496646457,0.9232450681034888
2024-07-09T20:47:36.184226,dq,0.001045139142286085,-0.000729066856108779,0.0016940207577290866,-0.0018025195896554805,0.00035297144000618854,0.0003462729093224056,-0.0014379772577480495
2024-07-09T20:47:36.184226,tau_J,-0.2640013098716736,-17.490346908569336,-1.966746211051941,20.279611587524414,0.520346999168396,2.310680389404297,0.04289647564291954
2024-07-09T20:47:36.184226,dtau_J,-84.15447235107422,124.21772766113281,-47.53650665283203,103.30350494384766,-20.220853805541992,-24.79865837097168,118.20779418945312
2024-07-09T20:47:36.184226,O_F_ext_hat_K,-0.7294744825215789,-0.7604948031150187,-0.7772334956517591,0.4653661673312922,-0.24282303505891475,-0.2990439663307076
2,0,2,4,-,0,7,-,0,9,T,2,0,:,4,7,:,3,6,.,1,8,4,2,2,6
m,_,e,e
2024-07-09T20:47:36.226228,elbow,0.21131035735585238,-1.0
2024-07-09T20:47:36.226228,O_T_EE,-0.06315695654978447,-0.9977965181689993,-0.019850795208231613,0.0,-0.9971813386975954,0.062290531659209045,0.04159344083017174,0.0,-0.04026604909785607,0.022422189371850657,-0.9989373807771045,0.0,0.03590208858679755,-0.41298530281424467,0.2444067629910511,1.0
2024-07-09T20:47:36.226228,tau_J_d,0.0,0.0,0.0,0.0,0.0,0.0,0.0
2024-07-09T20:47:36.226228,q,-1.681533530464883,-0.27481356381115163,0.21131035735585238,-2.5932318696257974,0.025309374479783903,2.298011115308325,0.9232462889681194
2024-07-09T20:47:36.226228,q_d,-1.6815261740249403,-0.27482654851526955,0.21132065834915612,-2.593220548049281,0.025309374479783903,2.2980109496646457,0.9232450681034888
2024-07-09T20:47:36.226228,dq,5.92885947486209e-05,0.0009605226679034647,-0.0002828086303776952,0.0005715286075687338,-0.00013984950561619181,-0.005592799418369281,0.0016299726657212333
2024-07-09T20:47:36.226228,tau_J,-0.2640013098716736,-17.565725326538086,-1.931040644645691,20.204233169555664,0.529502272605896,2.341808319091797,-0.04957178607583046
2024-07-09T20:47:36.226228,dtau_J,-103.63714599609375,-41.904239654541016,-29.74114990234375,-42.44147491455078,12.95092487335205,2.9137890338897705,-55.31954574584961
2024-07-09T20:47:36.226228,O_F_ext_hat_K,-0.707564698788904,-0.7535283106038925,-0.7948472105972998,0.4732537115626781,-0.23158752927102833,-0.2911742851490639
2,0,2,4,-,0,7,-,0,9,T,2,0,:,4,7,:,3,6,.,2,2,6,2,2,8
m,_,e,e
2024-07-09T20:47:36.232313,elbow,0.21131035735585238,-1.0
2024-07-09T20:47:36.232313,O_T_EE,-0.06315695654978447,-0.9977965181689993,-0.019850795208231613,0.0,-0.9971813386975954,0.062290531659209045,0.04159344083017174,0.0,-0.04026604909785607,0.022422189371850657,-0.9989373807771045,0.0,0.03590208858679755,-0.41298530281424467,0.2444067629910511,1.0
2024-07-09T20:47:36.232313,tau_J_d,0.0,0.0,0.0,0.0,0.0,0.0,0.0
2024-07-09T20:47:36.232313,q,-1.681533530464883,-0.27481356381115163,0.21131035735585238,-2.5932318696257974,0.025309374479783903,2.298011115308325,0.9232462889681194
2024-07-09T20:47:36.232313,q_d,-1.6815261740249403,-0.27482654851526955,0.21132065834915612,-2.593220548049281,0.025309374479783903,2.2980109496646457,0.9232450681034888
2024-07-09T20:47:36.232313,dq,5.92885947486209e-05,0.0009605226679034647,-0.0002828086303776952,0.0005715286075687338,-0.00013984950561619181,-0.005592799418369281,0.0016299726657212333
2024-07-09T20:47:36.232313,tau_J,-0.2640013098716736,-17.565725326538086,-1.931040644645691,20.204233169555664,0.529502272605896,2.341808319091797,-0.04957178607583046
2024-07-09T20:47:36.232313,dtau_J,-103.63714599609375,-41.904239654541016,-29.74114990234375,-42.44147491455078,12.95092487335205,2.9137890338897705,-55.31954574584961
2024-07-09T20:47:36.232313,O_F_ext_hat_K,-0.707564698788904,-0.7535283106038925,-0.7948472105972998,0.4732537115626781,-0.23158752927102833,-0.2911742851490639
2,0,2,4,-,0,7,-,0,9,T,2,0,:,4,7,:,3,6,.,2,3,2,3,1,3
m,_,e,e
2024-07-09T20:47:36.242321,elbow,0.21131043646078176,-1.0
2024-07-09T20:47:36.242321,O_T_EE,-0.06315585203969458,-0.9977966977062325,-0.01984528409687599,0.0,-0.9971813731120119,0.062289638334171886,0.04159395359723243,0.0,-0.04026692923799816,0.02241668081522385,-0.9989374689293472,0.0,0.0359026919031384,-0.41298654312190725,0.24440892000815523,1.0
2024-07-09T20:47:36.242321,tau_J_d,0.0,0.0,0.0,0.0,0.0,0.0,0.0
2024-07-09T20:47:36.242321,q,-1.6815322058062636,-0.27481634787091036,0.21131043646078176,-2.5932294724873355,0.025308357227179737,2.298011363322939,0.9232474077844793
2024-07-09T20:47:36.242321,q_d,-1.6815261740249403,-0.27482654851526955,0.21132065834915612,-2.593220548049281,0.025309374479783903,2.2980109496646457,0.9232450681034888
2024-07-09T20:47:36.242321,dq,0.0005862012712769645,8.668334077643612e-05,0.001121340376054528,0.0001391884633287652,-0.0005514363603698914,0.004541734406932925,0.0007336807807489912
2024-07-09T20:47:36.242321,tau_J,-0.2640013098716736,-17.526052474975586,-1.931040644645691,20.204233169555664,0.538657546043396,2.352794647216797,-0.05964258685708046
2024-07-09T20:47:36.242321,dtau_J,-64.55599975585938,-0.9772222638130188,42.9011116027832,-49.814029693603516,14.959144592285156,32.16728973388672,-60.971275329589844
2024-07-09T20:47:36.242321,O_F_ext_hat_K,-0.7736311664693934,-0.7662235607812911,-0.8172960380025289,0.48662259783356765,-0.25767870422823413,-0.3182084282541709
2,0,2,4,-,0,7,-,0,9,T,2,0,:,4,7,:,3,6,.,2,4,2,3,2,1
m,_,e,e
2024-07-09T20:47:36.284144,elbow,0.21131286297346416,-1.0
2024-07-09T20:47:36.284144,O_T_EE,-0.06315060801017512,-0.9977969837438307,-0.019847590303779354,0.0,-0.9971817021552023,0.06228430234160579,0.04159405570368356,0.0,-0.04026700527220596,0.02241877542099635,-0.9989374188581739,0.0,0.03590228836097625,-0.4129855843141668,0.24440776325677757,1.0
2024-07-09T20:47:36.284144,tau_J_d,0.0,0.0,0.0,0.0,0.0,0.0,0.0
2024-07-09T20:47:36.284144,q,-1.681535237266239,-0.27481634787091036,0.21131286297346416,-2.5932322680429505,0.025309370096989234,2.2980122115758466,0.9232406314916188
2024-07-09T20:47:36.284144,q_d,-1.6815261740249403,-0.27482654851526955,0.21132065834915612,-2.593220548049281,0.025309374479783903,2.2980109496646457,0.9232450681034888
2024-07-09T20:47:36.284144,dq,-0.0002509614438074636,0.00018342130868957655,0.0004986065563766326,-0.0006977690061886336,0.006841845916756511,-0.007591629534177627,-0.0012432295988826492
2024-07-09T20:47:36.284144,tau_J,-0.22432845830917358,-17.526052474975586,-1.966746211051941,20.243906021118164,0.529502272605896,2.341808319091797,0.001697746105492115
2024-07-09T20:47:36.284144,dtau_J,-15.126812934875488,46.80344009399414,-73.36065673828125,67.573486328125,-15.008548736572266,37.77144241333008,50.07140350341797
2024-07-09T20:47:36.284144,O_F_ext_hat_K,-0.643806850371836,-0.7113013328475557,-0.7867453250198829,0.44949308098573026,-0.21120682668908455,-0.25795437176053704
2,0,2,4,-,0,7,-,0,9,T,2,0,:,4,7,:,3,6,.,2,8,4,1,4,4
m,_,e,e
2024-07-09T20:47:36.325151,elbow,0.21131286300963467,-1.0
2024-07-09T20:47:36.325151,O_T_EE,-0.06315030631455548,-0.997797121001009,-0.01984164901624468,0.0,-0.9971817440987311,0.06228426136264075,0.04159311149615574,0.0,-0.040266439704886234,0.022412779418827734,-0.9989375762039467,0.0,0.03590212935240432,-0.4129879081076851,0.24440994092272766,1.0
2024-07-09T20:47:36.325151,tau_J_d,0.0,0.0,0.0,0.0,0.0,0.0,0.0
2024-07-09T20:47:36.325151,q,-1.6815364260481207,-0.27481634787091036,0.21131286300963467,-2.5932272747890623,0.025309374479783597,2.298013289184105,0.9232394732140871
2024-07-09T20:47:36.325151,q_d,-1.6815261740249403,-0.27482654851526955,0.21132065834915612,-2.593220548049281,0.025309374479783903,2.2980109496646457,0.9232450681034888
2024-07-09T20:47:36.325151,dq,-6.343603946629229e-05,-0.00019093631057789636,0.0002484401691928421,0.0011409714870460653,0.00011534117194997138,0.00015632114686824885,-0.0009099286557742969
2024-07-09T20:47:36.325151,tau_J,-0.22432845830917358,-17.526052474975586,-1.966746211051941,20.168527603149414,0.529502272605896,2.331737518310547,0.011768546886742115
2024-07-09T20:47:36.325151,dtau_J,32.48494338989258,-2.838371515274048,-73.23509216308594,-87.40386962890625,-4.7393341064453125,-8.965601921081543,54.924034118652344
2024-07-09T20:47:36.325151,O_F_ext_hat_K,-0.7354729332976556,-0.7523018269695491,-0.8027813880249788,0.47555305468487463,-0.25052389389806917,-0.29346663016766106
2,0,2,4,-,0,7,-,0,9,T,2,0,:,4,7,:,3,6,.,3,2,5,1,5,1
m,_,e,e
2024-07-09T20:47:36.367253,elbow,0.21131562079725966,-1.0
2024-07-09T20:47:36.367253,O_T_EE,-0.06315100579677684,-0.9977969884037254,-0.019846090308165486,0.0,-0.9971816530059936,0.06228474887304921,0.041594565357313255,0.0,-0.04026759857258656,0.02241732738021549,-0.998937427438939,0.0,0.03590261559852874,-0.4129864337952745,0.24440876520332003,1.0
2024-07-09T20:47:36.367253,tau_J_d,0.0,0.0,0.0,0.0,0.0,0.0,0.0
2024-07-09T20:47:36.367253,q,-1.6815373022511002,-0.2748163478722438,0.21131562079725966,-2.5932294753061265,0.025309374479783903,2.2980109351479854,0.9232417155306639
2024-07-09T20:47:36.367253,q_d,-1.6815261740249403,-0.27482654851526955,0.21132065834915612,-2.593220548049281,0.025309374479783903,2.2980109496646457,0.9232450681034888
2024-07-09T20:47:36.367253,dq,-0.0002816704008021562,-0.00425434753903528,0.0010257903973763134,0.0001712772560638908,0.00013113189280654987,-0.003064352039428572,0.0006801450558301999
2024-07-09T20:47:36.367253,tau_J,-0.22432845830917358,-17.526052474975586,-2.0064191818237305,20.204233169555664,0.529502272605896,2.352794647216797,-0.008373054675757885
2024-07-09T20:47:36.367253,dtau_J,65.10115051269531,109.72254180908203,-164.2679901123047,-59.86497116088867,0.8044683933258057,34.97331237792969,36.097721099853516
2024-07-09T20:47:36.367253,O_F_ext_hat_K,-0.7454469776085453,-0.843266232633378,-0.8183920783841896,0.5212017122506645,-0.25759962717753804,-0.2986229727031554
2,0,2,4,-,0,7,-,0,9,T,2,0,:,4,7,:,3,6,.,3,6,7,2,5,3
m,_,e,e
2024-07-09T20:47:36.408228,elbow,0.21131294207839393,-1.0
2024-07-09T20:47:36.408228,O_T_EE,-0.06314312407698817,-0.9977974770559834,-0.019846600810228387,0.0,-0.9971821759473718,0.06227686797873911,0.04159382873494711,0.0,-0.04026700849903624,0.022417472475562448,-0.9989374479687634,0.0,0.035904029199385463,-0.4129859193106538,0.2444082556602963,1.0
2024-07-09T20:47:36.408228,tau_J_d,0.0,0.0,0.0,0.0,0.0,0.0,0.0
2024-07-09T20:47:36.408228,q,-1.6815312719792244,-0.2748163478664583,0.21131294207839393,-2.593231078550217,0.025309374479783903,2.298012170361788,0.9232372352584367
2024-07-09T20:47:36.408228,q_d,-1.6815261740249403,-0.27482654851526955,0.21132065834915612,-2.593220548049281,0.025309374479783903,2.2980109496646457,0.9232450681034888
2024-07-09T20:47:36.408228,dq,0.0015476136379825413,-7.509188022315136e-05,0.0001777855341364897,-0.0006337147112050718,-0.00013769085352051204,-0.00012138844382018608,-0.0010885513232224615
2024-07-09T20:47:36.408228,tau_J,-0.2997068762779236,-17.526052474975586,-1.966746211051941,20.204233169555664,0.529502272605896,2.341808319091797,0.03191014751791954
2024-07-09T20:47:36.408228,dtau_J,-177.47630310058594,-48.288909912109375,-4.725622653961182,-106.04763793945312,25.54270362854004,9.615156173706055,91.2592544555664
2024-07-09T20:47:36.408228,O_F_ext_hat_K,-0.7160798632461112,-0.7207038244914562,-0.7953601966755912,0.46028315562378913,-0.24419716065018163,-0.2834104950919465
2,0,2,4,-,0,7,-,0,9,T,2,0,:,4,7,:,3,6,.,4,0,8,2,2,8
m,_,e,e
2024-07-09T20:47:36.449255,elbow,0.21131035764521597,-1.0
2024-07-09T20:47:36.449255,O_T_EE,-0.06316307740904929,-0.9977963373429091,-0.019840406712110435,0.0,-0.997180971564646,0.06229709013774125,0.0415924201143324,0.0,-0.04026554008241575,0.02241201279342772,-0.998937629666847,0.0,0.035898666321253055,-0.4129879705268661,0.24440930502328534,1.0
2024-07-09T20:47:36.449255,tau_J_d,0.0,0.0,0.0,0.0,0.0,0.0,0.0
2024-07-09T20:47:36.449255,q,-1.6815423519000663,-0.27481634787091036,0.21131035764521597,-2.5932295860261823,0.02530937447777988,2.2980166272057425,0.9232439491256242
2024-07-09T20:47:36.449255,q_d,-1.6815261740249403,-0.27482654851526955,0.21132065834915612,-2.593220548049281,0.025309374479783903,2.2980109496646457,0.9232450681034888
2024-07-09T20:47:36.449255,dq,-0.00216247803833945,-0.00013900695599854717,-0.00031987602630575805,-9.506767567142254e-05,-0.00012490987043993433,0.00047308123178922093,0.001087753869400336
2024-07-09T20:47:36.449255,tau_J,-0.14895004034042358,-17.526052474975586,-1.931040644645691,20.204233169555664,0.529502272605896,2.331737518310547,-0.02851465716958046
2024-07-09T20:47:36.449255,dtau_J,263.11578369140625,18.445262908935547,13.869989395141602,-15.555052757263184,23.552379608154297,-9.28607177734375,-4.637785911560059
2024-07-09T20:47:36.449255,O_F_ext_hat_K,-0.7220574745254306,-0.7355964592293138,-0.8078337693657873,0.47184968721579434,-0.2475276799622376,-0.28521975255255877
2,0,2,4,-,0,7,-,0,9,T,2,0,:,4,7,:,3,6,.,4,4,9,2,5,5
m,_,e,e
2024-07-09T20:47:36.490205,elbow,0.21131286391408247,-1.0
2024-07-09T20:47:36.490205,O_T_EE,-0.06315458413950724,-0.9977968399466659,-0.01984216711504376,0.0,-0.9971815021329585,0.06228852890877702,0.041592521821174164,0.0,-0.040265722678558775,0.022413431956301872,-0.9989375904655472,0.0,0.035903076477951254,-0.41298785245379616,0.24441003646313647,1.0
2024-07-09T20:47:36.490205,tau_J_d,0.0,0.0,0.0,0.0,0.0,0.0,0.0
2024-07-09T20:47:36.490205,q,-1.681534432725728,-0.2748161116599107,0.21131286391408247,-2.5932265841500644,0.02531039173238808,2.2980121572858185,0.9232450739236715
2024-07-09T20:47:36.490205,q_d,-1.6815261740249403,-0.27482654851526955,0.21132065834915612,-2.593220548049281,0.025309374479783903,2.2980109496646457,0.9232450681034888
2024-07-09T20:47:36.490205,dq,1.8388269253417404e-05,0.0060512735502794394,-0.004709980286862087,0.0016011675678458028,0.00039617824971348043,-0.005626965111389924,4.237421974524639e-05
2024-07-09T20:47:36.490205,tau_J,-0.22432845830917358,-17.526052474975586,-1.966746211051941,20.168527603149414,0.520346999168396,2.341808319091797,-0.03858545795083046
2024-07-09T20:47:36.490205,dtau_J,-6.555236339569092,-9.425597190856934,-32.15553283691406,-165.4144744873047,3.4886999130249023,1.2884246110916138,-12.552436828613281
2024-07-09T20:47:36.490205,O_F_ext_hat_K,-0.688108514379345,-0.7546980000437225,-0.7831720042756815,0.46757295673761834,-0.23066328813130557,-0.2748344434147325
2,0,2,4,-,0,7,-,0,9,T,2,0,:,4,7,:,3,6,.,4,9,0,2,0,5
m,_,e,e
2024-07-09T20:47:36.531255,elbow,0.2113156470433753,-1.0
2024-07-09T20:47:36.531255,O_T_EE,-0.06314464013495025,-0.9977973926349183,-0.019846021626373972,0.0,-0.9971820522292536,0.06227839104915452,0.04159451431848736,0.0,-0.04026769491719352,0.022416998808895278,-0.9989374309287133,0.0,0.035903787143826284,-0.4129859383349223,0.2444080594159145,1.0
2024-07-09T20:47:36.531255,tau_J_d,0.0,0.0,0.0,0.0,0.0,0.0,0.0
2024-07-09T20:47:36.531255,q,-1.6815342746148196,-0.27481634788291054,0.2113156470433753,-2.5932316258736767,0.025309374479783903,2.298013289345635,0.9232383542363013
2024-07-09T20:47:36.531255,q_d,-1.6815261740249403,-0.27482654851526955,0.21132065834915612,-2.593220548049281,0.025309374479783903,2.2980109496646457,0.9232450681034888
2024-07-09T20:47:36.531255,dq,-0.0004383911072366782,0.00035557787523019955,0.0012252178096088862,0.0007079415831063186,1.7912090228119803e-05,3.057506386169485e-05,-0.001915050547711924
2024-07-09T20:47:36.531255,tau_J,-0.22432845830917358,-17.526052474975586,-2.0064191818237305,20.204233169555664,0.529502272605896,2.331737518310547,0.02183934673666954
2024-07-09T20:47:36.531255,dtau_J,7.840942859649658,-26.245296478271484,-150.36566162109375,16.83129119873047,-7.209575653076172,-3.7754969596862793,76.23674011230469
2024-07-09T20:47:36.531255,O_F_ext_hat_K,-0.702350256657621,-0.8004867333387465,-0.8507632625478272,0.5147145031313578,-0.2372702747757479,-0.2816921326383891
2,0,2,4,-,0,7,-,0,9,T,2,0,:,4,7,:,3,6,.,5,3,1,2,5,5
m,_,e,e
2024-07-09T20:47:36.573205,elbow,0.2113128630109724,-1.0
2024-07-09T20:47:36.573205,O_T_EE,-0.06315896994952068,-0.9977964130326,-0.01984967393689286,0.0,-0.9971811960059377,0.06229258109382267,0.04159379249414232,0.0,-0.04026642478513202,0.022421174364027872,-0.9989373884158912,0.0,0.03590145620097558,-0.4129846925160804,0.24440682061986674,1.0
2024-07-09T20:47:36.573205,tau_J_d,0.0,0.0,0.0,0.0,0.0,0.0,0.0
2024-07-09T20:47:36.573205,q,-1.6815371431836648,-0.2748164266079102,0.2113128630109724,-2.593234580620626,0.02531039173238807,2.2980121703677705,0.9232462888066139
2024-07-09T20:47:36.573205,q_d,-1.6815261740249403,-0.27482654851526955,0.21132065834915612,-2.593220548049281,0.025309374479783903,2.2980109496646457,0.9232450681034888
2024-07-09T20:47:36.573205,dq,-0.0003780876937023166,0.00014713517869234288,0.00020995915296629185,-0.00039033594745799315,0.0004035729568422992,-0.00016084899079488977,0.0003388687080405007
2024-07-09T20:47:36.573205,tau_J,-0.22432845830917358,-17.526052474975586,-1.966746211051941,20.243906021118164,0.520346999168396,2.341808319091797,-0.04957178607583046
2024-07-09T20:47:36.573205,dtau_J,109.50349426269531,46.92796325683594,-9.596096992492676,77.0748291015625,-6.160181999206543,-3.213567018508911,-33.74454116821289
2024-07-09T20:47:36.573205,O_F_ext_hat_K,-0.7014072149270566,-0.8029420250516379,-0.8594142480418593,0.51833099179063,-0.2355319510041012,-0.2884312173934189
2,0,2,4,-,0,7,-,0,9,T,2,0,:,4,7,:,3,6,.,5,7,3,2,0,5
m,_,e,e
2024-07-09T20:47:36.614205,elbow,0.211315236121358,-1.0
2024-07-09T20:47:36.614205,O_T_EE,-0.06315730907857435,-0.9977966402720936,-0.019843534788024815,0.0,-0.9971812937239583,0.06229117383738008,0.04159355731579802,0.0,-0.040266609928658034,0.02241497040468983,-0.9989375201816227,0.0,0.035903600864992925,-0.41298684286124365,0.24440895357848305,1.0
2024-07-09T20:47:36.614205,tau_J_d,0.0,0.0,0.0,0.0,0.0,0.0,0.0
2024-07-09T20:47:36.614205,q,-1.6815349164152549,-0.27481634787091036,0.211315236121358,-2.5932295007266006,0.02531039173238807,2.298013289343641,0.9232494677210019
2024-07-09T20:47:36.614205,q_d,-1.6815261740249403,-0.27482654851526955,0.21132065834915612,-2.593220548049281,0.025309374479783903,2.2980109496646457,0.9232450681034888
2024-07-09T20:47:36.614205,dq,-0.00030905497792900125,-0.00024794935496036765,0.0010469256294706219,0.00021252077771209118,0.0003614991899963998,0.00030347581742837677,0.0007692811683314895
2024-07-09T20:47:36.614205,tau_J,-0.22432845830917358,-17.526052474975586,-1.966746211051941,20.204233169555664,0.520346999168396,2.331737518310547,-0.04957178607583046
2024-07-09T20:47:36.614205,dtau_J,104.8353271484375,9.6624116897583,-62.99652099609375,-68.3787841796875,-10.712576866149902,10.807641983032227,-54.18311309814453
2024-07-09T20:47:36.614205,O_F_ext_hat_K,-0.7978488909314776,-0.7840523107217047,-0.8305682358640947,0.4996364793112846,-0.27583429868268566,-0.3248289271198041
2,0,2,4,-,0,7,-,0,9,T,2,0,:,4,7,:,3,6,.,6,1,4,2,0,5
m,_,e,e
2024-07-09T20:47:36.622460,elbow,0.2113128542383051,-1.0
2024-07-09T20:47:36.622460,O_T_EE,-0.06316033113525148,-0.9977963221210766,-0.01984991268863973,0.0,-0.9971810799543278,0.06229391418632958,0.04159457822451367,0.0,-0.040267163682645345,0.02242151638961843,-0.9989373509543755,0.0,0.03590148225812825,-0.4129850228803444,0.24440744283744573,1.0
2024-07-09T20:47:36.622460,tau_J_d,0.0,0.0,0.0,0.0,0.0,0.0,0.0
2024-07-09T20:47:36.622460,q,-1.681537026863445,-0.27481634787091036,0.2113128542383051,-2.593232564506026,0.025309374479783903,2.2980098306867807,0.9232484674405529
2024-07-09T20:47:36.622460,q_d,-1.6815261740249403,-0.27482654851526955,0.21132065834915612,-2.593220548049281,0.025309374479783903,2.2980109496646457,0.9232450681034888
