timestamp,attribute_name,values
2024-07-09T20:29:46.412539,elbow,0.1159528667372762,-1.0
2024-07-09T20:29:46.412539,O_T_EE,-0.009904582209590737,-0.9996316554147887,-0.0248837224938533,0.0,-0.9999126541065374,0.009712799214547017,0.007816174911418143,0.0,-0.007571751045090043,0.02495944549652403,-0.9996597894617035,0.0,0.05271889257935464,-0.36259360539191654,0.13862309621163774,1.0
2024-07-09T20:29:46.412539,tau_J_d,0.0,0.0,0.0,0.0,0.0,0.0,0.0
2024-07-09T20:29:46.412539,q,-1.5342275606626814,-0.14008284846966526,0.1159528667372762,-2.8154978477155335,0.026350191407733457,2.6503783545871054,0.9229998088054651
2024-07-09T20:29:46.412539,q_d,-1.5342275577271498,-0.14008189780486674,0.11595217284826578,-2.8154978192944227,0.026352225912941823,2.6503772763146283,0.9229986839656412
2024-07-09T20:29:46.422389,elbow,0.11595563221719346,-1.0
2024-07-09T20:29:46.422389,O_T_EE,-0.009912821336067908,-0.9996317007451239,-0.024878620134136043,0.0,-0.9999125776561278,0.009721092543209065,0.007815644954383433,0.0,-0.007571064855958709,0.024954400728453122,-0.9996599206036175,0.0,0.052718131819456275,-0.36259540211891284,0.1386245283780022,1.0
2024-07-09T20:29:46.422389,tau_J_d,0.0,0.0,0.0,0.0,0.0,0.0,0.0
2024-07-09T20:29:46.422389,q,-1.5342328475456883,-0.14008471548382967,0.11595563221719346,-2.8154958286488037,0.026351208660337657,2.650379615995389,0.9230046451436775
2024-07-09T20:29:46.422389,q_d,-1.5342275577271498,-0.14008189780486674,0.11595217284826578,-2.8154978192944227,0.026352225912941823,2.6503772763146283,0.9229986839656412
2024-07-09T20:29:46.432352,elbow,0.11595563221719346,-1.0
2024-07-09T20:29:46.432352,O_T_EE,-0.009912821336067908,-0.9996317007451239,-0.024878620134136043,0.0,-0.9999125776561278,0.009721092543209065,0.007815644954383433,0.0,-0.007571064855958709,0.024954400728453122,-0.9996599206036175,0.0,0.052718131819456275,-0.36259540211891284,0.1386245283780022,1.0
2024-07-09T20:29:46.432352,tau_J_d,0.0,0.0,0.0,0.0,0.0,0.0,0.0
2024-07-09T20:29:46.432352,q,-1.5342328475456883,-0.14008471548382967,0.11595563221719346,-2.8154958286488037,0.026351208660337657,2.650379615995389,0.9230046451436775
2024-07-09T20:29:46.432352,q_d,-1.5342275577271498,-0.14008189780486674,0.11595217284826578,-2.8154978192944227,0.026352225912941823,2.6503772763146283,0.9229986839656412
2024-07-09T20:29:46.442382,elbow,0.11595886642021841,-1.0
2024-07-09T20:29:46.442382,O_T_EE,-0.009907680327320091,-0.9996316973329968,-0.0248808050290107,0.0,-0.9999126315842177,0.009715946016955924,0.007815145074031004,0.0,-0.0075706719356316374,0.024956541682359477,-0.9996598701326865,0.0,0.05272033949521612,-0.3625955590613855,0.13862431244083903,1.0
2024-07-09T20:29:46.442382,tau_J_d,0.0,0.0,0.0,0.0,0.0,0.0,0.0
2024-07-09T20:29:46.442382,q,-1.5342302681618991,-0.14008213443765435,0.11595886642021841,-2.815492982651998,0.02635324316554599,2.6503772833265558,0.9230035145932808
2024-07-09T20:29:46.442382,q_d,-1.5342275577271498,-0.14008189780486674,0.11595217284826578,-2.8154978192944227,0.026352225912941823,2.6503772763146283,0.9229986839656412
2024-07-09T20:29:46.452408,elbow,0.11595537211040356,-1.0
2024-07-09T20:29:46.452408,O_T_EE,-0.009908308322870985,-0.9996314581189489,-0.02489016404870607,0.0,-0.9999126180292448,0.009716476449939417,0.007816219834903578,0.0,-0.007571640315267547,0.024965915284396064,-0.9996596287421776,0.0,0.05272092662684897,-0.3625935612963968,0.13862117445157401,1.0
2024-07-09T20:29:46.452408,tau_J_d,0.0,0.0,0.0,0.0,0.0,0.0,0.0
2024-07-09T20:29:46.452408,q,-1.5342250550123544,-0.14007383017729214,0.11595537211040356,-2.8154931158776813,0.026351208660337657,2.650376210371505,0.92300768403814
2024-07-09T20:29:46.452408,q_d,-1.5342275577271498,-0.14008189780486674,0.11595217284826578,-2.8154978192944227,0.026352225912941823,2.6503772763146283,0.9229986839656412
2024-07-09T20:29:46.462408,elbow,0.11595323828125835,-1.0
2024-07-09T20:29:46.462408,O_T_EE,-0.009913790191559909,-0.9996316175456584,-0.024881576885243752,0.0,-0.9999125674333368,0.00972203591462928,0.007815779408079,0.0,-0.007571146396016641,0.024957365928981057,-0.9996598459616836,0.0,0.05271920557535307,-0.36259476618306175,0.13862432808184164,1.0
2024-07-09T20:29:46.462408,tau_J_d,0.0,0.0,0.0,0.0,0.0,0.0,0.0
2024-07-09T20:29:46.462408,q,-1.5342275603516335,-0.14008441028711782,0.11595323828125835,-2.81549534110436,0.026351208660337657,2.6503764370752134,0.923008523867738
2024-07-09T20:29:46.462408,q_d,-1.5342275577271498,-0.14008189780486674,0.11595217284826578,-2.8154978192944227,0.026352225912941823,2.6503772763146283,0.9229986839656412
2024-07-09T20:29:46.472386,elbow,0.11595513529536772,-1.0
2024-07-09T20:29:46.472386,O_T_EE,-0.009901031918247786,-0.9996316553570491,-0.024885137658609714,0.0,-0.9999126810117887,0.009709211859308023,0.007817189910485512,0.0,-0.007572841217443641,0.024960843533969053,-0.9996597462966927,0.0,0.05272026867275339,-0.36259213762286,0.1386235253683508,1.0
2024-07-09T20:29:46.472386,tau_J_d,0.0,0.0,0.0,0.0,0.0,0.0,0.0
2024-07-09T20:29:46.472386,q,-1.5342250550127847,-0.14008726134416702,0.11595513529536772,-2.8155006033583634,0.02635019140773349,2.650375196979491,0.9230009264614047
2024-07-09T20:29:46.472386,q_d,-1.5342275577271498,-0.14008189780486674,0.11595217284826578,-2.8154978192944227,0.026352225912941823,2.6503772763146283,0.9229986839656412
2024-07-09T20:29:46.514241,elbow,0.1159581532070511,-1.0
2024-07-09T20:29:46.514241,O_T_EE,-0.009906344327570487,-0.9996318129745839,-0.024876690543929027,0.0,-0.9999126305722082,0.009714595683439419,0.007816952992199583,0.0,-0.00757255369607768,0.024952434921338675,-0.9996599583968622,0.0,0.05272086662116597,-0.3625954774226374,0.13862548626016263,1.0
2024-07-09T20:29:46.514241,tau_J_d,0.0,0.0,0.0,0.0,0.0,0.0,0.0
2024-07-09T20:29:46.514241,q,-1.5342275606665676,-0.1400872225006846,0.1159581532070511,-2.8154953439513455,0.026349174155129322,2.6503783938147207,0.9230077375080619
2024-07-09T20:29:46.514241,q_d,-1.5342275577271498,-0.14008189780486674,0.11595217284826578,-2.8154978192944227,0.026352225912941823,2.6503772763146283,0.9229986839656412
2024-07-09T20:29:46.555140,elbow,0.11595751203145202,-1.0
2024-07-09T20:29:46.555140,O_T_EE,-0.009905418192434625,-0.9996316203734462,-0.02488479739117565,0.0,-0.9999126499757082,0.00971364018876317,0.007815658260726072,0.0,-0.007571202932544604,0.024960521634429682,-0.9996597667436113,0.0,0.052721644765360245,-0.36259376294636086,0.13862354432152357,1.0
2024-07-09T20:29:46.555140,tau_J_d,0.0,0.0,0.0,0.0,0.0,0.0,0.0
2024-07-09T20:29:46.555140,q,-1.534224729078007,-0.14008262979592503,0.11595751203145202,-2.8154953439858725,0.02635324316554599,2.650375098640536,0.9230053908149207
2024-07-09T20:29:46.555140,q_d,-1.5342275577271498,-0.14008189780486674,0.11595217284826578,-2.8154978192944227,0.026352225912941823,2.6503772763146283,0.9229986839656412
2024-07-09T20:29:46.596227,elbow,0.11595287226651697,-1.0
2024-07-09T20:29:46.596227,O_T_EE,-0.00991070143749169,-0.9996315677448464,-0.024884807939904868,0.0,-0.9999126006196495,0.009718931418431635,0.007815394765567774,0.0,-0.007570807341822303,0.024960569635561588,-0.9996597685411079,0.0,0.052719065870259096,-0.36259410632994493,0.13862320088249155,1.0
2024-07-09T20:29:46.596227,tau_J_d,0.0,0.0,0.0,0.0,0.0,0.0,0.0
2024-07-09T20:29:46.596227,q,-1.534227557832141,-0.1400814994967395,0.11595287226651697,-2.815495540285749,0.02635210753149456,2.650376396363797,0.9230042763592128
2024-07-09T20:29:46.596227,q_d,-1.5342275577271498,-0.14008189780486674,0.11595217284826578,-2.8154978192944227,0.026352225912941823,2.6503772763146283,0.9229986839656412
2024-07-09T20:29:46.637272,elbow,0.11595536916333628,-1.0
2024-07-09T20:29:46.637272,O_T_EE,-0.00991105182010324,-0.9996317378790008,-0.024877833065528973,0.0,-0.9999125894814677,0.009719310949166216,0.007816347762716608,0.0,-0.007571819683598121,0.02495360714322462,-0.9996599346964051,0.0,0.05272068174943875,-0.3625952747250355,0.13862543286491769,1.0
2024-07-09T20:29:46.637272,tau_J_d,0.0,0.0,0.0,0.0,0.0,0.0,0.0
2024-07-09T20:29:46.637272,q,-1.5342254943722118,-0.14008730171097647,0.11595536916333628,-2.815495343951393,0.02635019140773349,2.6503772130715535,0.9230108585381106
2024-07-09T20:29:46.637272,q_d,-1.5342275577271498,-0.14008189780486674,0.11595217284826578,-2.8154978192944227,0.026352225912941823,2.6503772763146283,0.9229986839656412
2024-07-09T20:29:46.678250,elbow,0.11595079005122146,-1.0
2024-07-09T20:29:46.678250,O_T_EE,-0.009915091768865729,-0.9996315499821106,-0.02488377255937003,0.0,-0.9999125551193437,0.009723321829500758,0.007815755146717566,0.0,-0.007571068269192443,0.02495957107945886,-0.9996597914974836,0.0,0.052717525238450254,-0.3625953343672565,0.13862322136219427,1.0
2024-07-09T20:29:46.678250,tau_J_d,0.0,0.0,0.0,0.0,0.0,0.0,0.0
2024-07-09T20:29:46.678250,q,-1.5342303447263284,-0.1400791380706533,0.11595079005122146,-2.8154931158768504,0.0263498362092621,2.650377276314629,0.9230058835279701
2024-07-09T20:29:46.678250,q_d,-1.5342275577271498,-0.14008189780486674,0.11595217284826578,-2.8154978192944227,0.026352225912941823,2.6503772763146283,0.9229986839656412
2024-07-09T20:29:46.719134,elbow,0.11595310058251815,-1.0
2024-07-09T20:29:46.719134,O_T_EE,-0.009914225244616732,-0.9996315026533434,-0.024886019007181785,0.0,-0.9999125593995606,0.009722423822035187,0.007816324664005517,0.0,-0.007571637722564265,0.024961816354357607,-0.9996597311217901,0.0,0.052718043436162265,-0.3625939380324111,0.13862339364764756,1.0
2024-07-09T20:29:46.719134,tau_J_d,0.0,0.0,0.0,0.0,0.0,0.0,0.0
2024-07-09T20:29:46.719134,q,-1.5342303444113925,-0.1400826035096634,0.11595310058251815,-2.8154955719649273,0.02635084036249898,2.650373999754547,0.9230063402592249
2024-07-09T20:29:46.719134,q_d,-1.5342275577271498,-0.14008189780486674,0.11595217284826578,-2.8154978192944227,0.026352225912941823,2.6503772763146283,0.9229986839656412
2024-07-09T20:29:46.760243,elbow,0.11595317917736883,-1.0
2024-07-09T20:29:46.760243,O_T_EE,-0.009919289084571736,-0.9996315787172351,-0.02488094525039618,0.0,-0.999912516117344,0.009727548475471227,0.007815485509437867,0.0,-0.007570721277046935,0.024956773124024365,-0.999659863981035,0.0,0.05271741009744295,-0.3625956871943246,0.13862425896667374,1.0
2024-07-09T20:29:46.760243,tau_J_d,0.0,0.0,0.0,0.0,0.0,0.0,0.0
2024-07-09T20:29:46.760243,q,-1.5342328503788152,-0.1400826073983548,0.11595317917736883,-2.8154937789881735,0.026351208660337657,2.6503773356483746,0.9230087125853754
2024-07-09T20:29:46.760243,q_d,-1.5342275577271498,-0.14008189780486674,0.11595217284826578,-2.8154978192944227,0.026352225912941823,2.6503772763146283,0.9229986839656412
2024-07-09T20:29:46.802169,elbow,0.11595816197738557,-1.0
2024-07-09T20:29:46.802169,O_T_EE,-0.009902850805673798,-0.9996317312211414,-0.024881366179380363,0.0,-0.9999126702290329,0.009711083444188183,0.007816244302345326,0.0,-0.007571886582707874,0.02495707689762441,-0.999659847571315,0.0,0.0527212354266929,-0.36259527856568036,0.13862493888606917,1.0
2024-07-09T20:29:46.802169,tau_J_d,0.0,0.0,0.0,0.0,0.0,0.0,0.0
2024-07-09T20:29:46.802169,q,-1.5342268719017853,-0.14008442681409222,0.11595816197738557,-2.8154928439663562,0.026351208660337657,2.6503741552863445,0.9230031613805
2024-07-09T20:29:46.802169,q_d,-1.5342275577271498,-0.14008189780486674,0.11595217284826578,-2.8154978192944227,0.026352225912941823,2.6503772763146283,0.9229986839656412
2024-07-09T20:29:46.843179,elbow,0.11595838998123742,-1.0
2024-07-09T20:29:46.843179,O_T_EE,-0.009902181601976447,-0.9996317431901403,-0.024881151648810104,0.0,-0.99991267580645,0.009710412686220913,0.00781636413281833,0.0,-0.007572025237829663,0.02495685847627993,-0.9996598519740566,0.0,0.05272091071381354,-0.36259457523127964,0.13862452633550348,1.0
2024-07-09T20:29:46.843179,tau_J_d,0.0,0.0,0.0,0.0,0.0,0.0,0.0
2024-07-09T20:29:46.843179,q,-1.5342275603399693,-0.14008510948746844,0.11595838998123742,-2.8154953675832,0.026351156095418417,2.6503762021327675,0.9230020409120057
2024-07-09T20:29:46.843179,q_d,-1.5342275577271498,-0.14008189780486674,0.11595217284826578,-2.8154978192944227,0.026352225912941823,2.6503772763146283,0.9229986839656412
2024-07-09T20:29:46.884264,elbow,0.11595537207048905,-1.0
2024-07-09T20:29:46.884264,O_T_EE,-0.009906286155071138,-0.999631631460137,-0.02488400651356396,0.0,-0.9999126317695686,0.009714482367916506,0.00781694065392209,0.0,-0.007572471689933632,0.024959749845453436,-0.9996597764040311,0.0,0.052718851909943944,-0.36259431946667997,0.13862340056745245,1.0
2024-07-09T20:29:46.884264,tau_J_d,0.0,0.0,0.0,0.0,0.0,0.0,0.0
2024-07-09T20:29:46.884264,q,-1.5342303192046627,-0.1400818959689475,0.11595537207048905,-2.815495341117354,0.026349174155129322,2.650376436596706,0.9230021586327136
2024-07-09T20:29:46.884264,q_d,-1.5342275577271498,-0.14008189780486674,0.11595217284826578,-2.8154978192944227,0.026352225912941823,2.6503772763146283,0.9229986839656412
2024-07-09T20:29:46.892400,elbow,0.11595539642863002,-1.0
2024-07-09T20:29:46.892400,O_T_EE,-0.009902304260755614,-0.9996315886802536,-0.02488730970048256,0.0,-0.9999126763751279,0.009710493030967235,0.007816191568301633,0.0,-0.007571789727860179,0.02496301537285698,-0.9996597000298708,0.0,0.052719557415354244,-0.3625928146980855,0.1386217373695082,1.0
2024-07-09T20:29:46.892400,tau_J_d,0.0,0.0,0.0,0.0,0.0,0.0,0.0
2024-07-09T20:29:46.892400,q,-1.5342280449593613,-0.14007911114093213,0.11595539642863002,-2.815497846770705,0.026351208660337657,2.650378551978891,0.9229986425477086
2024-07-09T20:29:46.892400,q_d,-1.5342275577271498,-0.14008189780486674,0.11595217284826578,-2.8154978192944227,0.026352225912941823,2.6503772763146283,0.9229986839656412
2024-07-09T20:29:46.902520,elbow,0.11596091251797587,-1.0
2024-07-09T20:29:46.902520,O_T_EE,-0.009899470870090432,-0.9996319123140012,-0.024875434893759863,0.0,-0.999912707872355,0.009707764800075527,0.007815551111044466,0.0,-0.007571335203337658,0.024951113670935852,-0.9996600006051151,0.0,0.052722028686365954,-0.362596396891527,0.1386262222664343,1.0
2024-07-09T20:29:46.902520,tau_J_d,0.0,0.0,0.0,0.0,0.0,0.0,0.0
2024-07-09T20:29:46.902520,q,-1.5342275606535871,-0.1400872633632098,0.11596091251797587,-2.815492835463139,0.026352225912941823,2.650377335110006,0.9230009350033204
2024-07-09T20:29:46.902520,q_d,-1.5342275577271498,-0.14008189780486674,0.11595217284826578,-2.8154978192944227,0.026352225912941823,2.6503772763146283,0.9229986839656412
2024-07-09T20:29:46.943123,elbow,0.11595816208430669,-1.0
2024-07-09T20:29:46.943123,O_T_EE,-0.009912045571538696,-0.9996316245764924,-0.024881989477508883,0.0,-0.9999125858493989,0.009720292358467057,0.007815591957280325,0.0,-0.007570998438282306,0.024957763457468,-0.9996598371575446,0.0,0.05272011338016143,-0.3625945492934702,0.1386242936899744,1.0
2024-07-09T20:29:46.943123,tau_J_d,0.0,0.0,0.0,0.0,0.0,0.0,0.0
2024-07-09T20:29:46.943123,q,-1.5342296559615443,-0.14008448025553233,0.11595816208430669,-2.8154953411285844,0.02635324316554599,2.6503760425115823,0.9230077433408939
2024-07-09T20:29:46.943123,q_d,-1.5342275577271498,-0.14008189780486674,0.11595217284826578,-2.8154978192944227,0.026352225912941823,2.6503772763146283,0.9229986839656412
2024-07-09T20:29:46.984195,elbow,0.11595310029249037,-1.0
2024-07-09T20:29:46.984195,O_T_EE,-0.009907465643650111,-0.9996314486239303,-0.024890880815080358,0.0,-0.9999126259251893,0.009715626957854297,0.00781626569511622,0.0,-0.0075717002656800645,0.024966626066152083,-0.9996596105364864,0.0,0.05271891706734915,-0.36259218509109836,0.13862081415244457,1.0
2024-07-09T20:29:46.984195,tau_J_d,0.0,0.0,0.0,0.0,0.0,0.0,0.0
2024-07-09T20:29:46.984195,q,-1.5342275606665694,-0.1400768447267868,0.11595310029249037,-2.815497846774598,0.026351160425786824,2.6503772164629984,0.9230020539810919
2024-07-09T20:29:46.984195,q_d,-1.5342275577271498,-0.14008189780486674,0.11595217284826578,-2.8154978192944227,0.026352225912941823,2.6503772763146283,0.9229986839656412
2024-07-09T20:29:47.025175,elbow,0.11595887230126269,-1.0
2024-07-09T20:29:47.025175,O_T_EE,-0.009910688174922225,-0.9996316506500139,-0.024881482669568453,0.0,-0.9999125910875155,0.00971891230478752,0.007816637990279296,0.0,-0.007572083574751005,0.024957256572451535,-0.9996598415934862,0.0,0.05272019232266563,-0.3625939484780495,0.1386238388031116,1.0
2024-07-09T20:29:47.025175,tau_J_d,0.0,0.0,0.0,0.0,0.0,0.0,0.0
2024-07-09T20:29:47.025175,q,-1.5342296558215247,-0.14008464077416377,0.11595887230126269,-2.8154974839406948,0.02635120866033674,2.650378395238436,0.9230088566494624
2024-07-09T20:29:47.025175,q_d,-1.5342275577271498,-0.14008189780486674,0.11595217284826578,-2.8154978192944227,0.026352225912941823,2.6503772763146283,0.9229986839656412
2024-07-09T20:29:47.066284,elbow,0.11595537012163075,-1.0
2024-07-09T20:29:47.066284,O_T_EE,-0.00990701814699102,-0.9996317952582022,-0.02487713410960971,0.0,-0.9999126411221796,0.009715322574554607,0.007814699773379116,0.0,-0.007570278732585834,0.024952861663469383,-0.9996599649754484,0.0,0.05272171889134834,-0.36259546277457994,0.1386254593989479,1.0
2024-07-09T20:29:47.066284,tau_J_d,0.0,0.0,0.0,0.0,0.0,0.0,0.0
2024-07-09T20:29:47.066284,q,-1.5342229802151635,-0.1400867626404443,0.11595537012163075,-2.8154949272673138,0.026353243165471735,2.650378258658549,0.9230066621386981
2024-07-09T20:29:47.066284,q_d,-1.5342275577271498,-0.14008189780486674,0.11595217284826578,-2.8154978192944227,0.026352225912941823,2.6503772763146283,0.9229986839656412
2024-07-09T20:29:47.107271,elbow,0.11595286350598376,-1.0
2024-07-09T20:29:47.107271,O_T_EE,-0.009918086846880303,-0.9996315210585827,-0.02488374088859384,0.0,-0.9999125271155519,0.009726321734092817,0.007815605166836556,0.0,-0.0075708437732909676,0.02495956063569469,-0.9996597934584713,0.0,0.05271809679231546,-0.3625944689779299,0.13862267306172718,1.0
2024-07-09T20:29:47.107271,tau_J_d,0.0,0.0,0.0,0.0,0.0,0.0,0.0
2024-07-09T20:29:47.107271,q,-1.5342303447224401,-0.14007942612537477,0.11595286350598376,-2.8154956475495396,0.02635120866033674,2.650379576749762,0.9230096805262259
2024-07-09T20:29:47.107271,q_d,-1.5342275577271498,-0.14008189780486674,0.11595217284826578,-2.8154978192944227,0.026352225912941823,2.6503772763146283,0.9229986839656412
2024-07-09T20:29:47.148249,elbow,0.1159553704463534,-1.0
2024-07-09T20:29:47.148249,O_T_EE,-0.009912638040378672,-0.9996316215512072,-0.024881874993516902,0.0,-0.9999125780480069,0.009720879163795139,0.007815860213690616,0.0,-0.007571253089132173,0.024957656076926342,-0.9996598379097793,0.0,0.05271813493356818,-0.36259501391759447,0.13862395144501555,1.0
2024-07-09T20:29:47.148249,tau_J_d,0.0,0.0,0.0,0.0,0.0,0.0,0.0
2024-07-09T20:29:47.148249,q,-1.534232595282043,-0.14008284008216915,0.1159553704463534,-2.815494936124384,0.026351208660337657,2.6503773341987453,0.9230044547429052
2024-07-09T20:29:47.148249,q_d,-1.5342275577271498,-0.14008189780486674,0.11595217284826578,-2.8154978192944227,0.026352225912941823,2.6503772763146283,0.9229986839656412
2024-07-09T20:29:47.189268,elbow,0.11595286349350951,-1.0
2024-07-09T20:29:47.189268,O_T_EE,-0.009908892629875257,-0.9996316773322416,-0.024881125818324933,0.0,-0.9999126164335989,0.009717145053575574,0.007815592756196104,0.0,-0.007571086354422652,0.024956875983473757,-0.9996598586482102,0.0,0.052720002479242495,-0.3625947527984693,0.13862436822644766,1.0
2024-07-09T20:29:47.189268,tau_J_d,0.0,0.0,0.0,0.0,0.0,0.0,0.0
2024-07-09T20:29:47.189268,q,-1.534225055012642,-0.14008440963908095,0.11595286349350951,-2.815495346569037,0.026351208660337657,2.6503769229404126,0.9230057643368611
2024-07-09T20:29:47.189268,q_d,-1.5342275577271498,-0.14008189780486674,0.11595217284826578,-2.8154978192944227,0.026352225912941823,2.6503772763146283,0.9229986839656412
2024-07-09T20:29:47.230286,elbow,0.11595078939765682,-1.0
2024-07-09T20:29:47.230286,O_T_EE,-0.0099164402071544,-0.9996315044448364,-0.024885064520288006,0.0,-0.9999125442483879,0.0097246679507113,0.007815471142059702,0.0,-0.007570737946456114,0.0249608704046412,-0.9996597615566952,0.0,0.05271838953842892,-0.3625941776161421,0.1386225354409524,1.0
2024-07-09T20:29:47.230286,tau_J_d,0.0,0.0,0.0,0.0,0.0,0.0,0.0
2024-07-09T20:29:47.230286,q,-1.5342275603473132,-0.1400792158115733,0.11595078939765682,-2.815495570740453,0.026351169199855203,2.650378393832732,0.9230087986017399
2024-07-09T20:29:47.230286,q_d,-1.5342275577271498,-0.14008189780486674,0.11595217284826578,-2.8154978192944227,0.026352225912941823,2.6503772763146283,0.9229986839656412
2024-07-09T20:29:47.271179,elbow,0.11595288980066212,-1.0
2024-07-09T20:29:47.271179,O_T_EE,-0.0099102165878434,-0.9996316534888555,-0.02488155645306298,0.0,-0.9999126035422926,0.009718465948829153,0.007815599662430662,0.0,-0.007571056020709069,0.024957316684268965,-0.9996598478755924,0.0,0.05272104467070159,-0.3625945145661725,0.1386238023029777,1.0
2024-07-09T20:29:47.271179,tau_J_d,0.0,0.0,0.0,0.0,0.0,0.0,0.0
2024-07-09T20:29:47.271179,q,-1.534222259615334,-0.1400826035137136,0.11595288980066212,-2.8154954261496115,0.02635120849794884,2.6503783558253122,0.923009916636149
2024-07-09T20:29:47.271179,q_d,-1.5342275577271498,-0.14008189780486674,0.11595217284826578,-2.8154978192944227,0.026352225912941823,2.6503772763146283,0.9229986839656412
2024-07-09T20:29:47.312215,elbow,0.1159503161966452,-1.0
2024-07-09T20:29:47.312215,O_T_EE,-0.009918687200051445,-0.9996313182144737,-0.024891649005824384,0.0,-0.9999125164549856,0.00972684453451238,0.007816318396015565,0.0,-0.007571465235873964,0.024967479714707683,-0.9996595909962938,0.0,0.05271691923525393,-0.3625922626716912,0.13862140991143965,1.0
2024-07-09T20:29:47.312215,tau_J_d,0.0,0.0,0.0,0.0,0.0,0.0,0.0
2024-07-09T20:29:47.312215,q,-1.5342303333886205,-0.14007914585118214,0.1159503161966452,-2.815497847715512,0.026351207198615553,2.650374097393595,0.9230076956110035
2024-07-09T20:29:47.312215,q_d,-1.5342275577271498,-0.14008189780486674,0.11595217284826578,-2.8154978192944227,0.026352225912941823,2.6503772763146283,0.9229986839656412
2024-07-09T20:29:47.353154,elbow,0.11595539527384861,-1.0
2024-07-09T20:29:47.353154,O_T_EE,-0.00990908627090587,-0.9996318464719355,-0.024874252342381952,0.0,-0.999912619793534,0.009717409765271044,0.007814833734242037,0.0,-0.007570389126465612,0.024949997051500056,-0.9996600356399189,0.0,0.052719491038403135,-0.362597948307178,0.13862629766697437,1.0
2024-07-09T20:29:47.353154,tau_J_d,0.0,0.0,0.0,0.0,0.0,0.0,0.0
2024-07-09T20:29:47.353154,q,-1.5342301151379159,-0.14008464592203518,0.11595539527384861,-2.815490051523911,0.026351208660337657,2.6503783516839925,0.9230035130858215
2024-07-09T20:29:47.353154,q_d,-1.5342275577271498,-0.14008189780486674,0.11595217284826578,-2.8154978192944227,0.026352225912941823,2.6503772763146283,0.9229986839656412
2024-07-09T20:29:47.394282,elbow,0.11595215320484237,-1.0
2024-07-09T20:29:47.394282,O_T_EE,-0.009913627611019646,-0.9996317143049784,-0.024877754008115004,0.0,-0.9999125766295756,0.00972192827800793,0.007814736705020546,0.0,-0.007570144657839878,0.024953531933398262,-0.999659949259701,0.0,0.052719036465425514,-0.36259586622582407,0.13862484078611892,1.0
2024-07-09T20:29:47.394282,tau_J_d,0.0,0.0,0.0,0.0,0.0,0.0,0.0
2024-07-09T20:29:47.394282,q,-1.5342274841369996,-0.1400844122125887,0.11595215320484237,-2.8154945993702314,0.02635186930710069,2.650379615917832,0.9230068228356834
2024-07-09T20:29:47.394282,q_d,-1.5342275577271498,-0.14008189780486674,0.11595217284826578,-2.8154978192944227,0.026352225912941823,2.6503772763146283,0.9229986839656412
2024-07-09T20:29:47.402545,elbow,0.11595215320484237,-1.0
2024-07-09T20:29:47.402545,O_T_EE,-0.009913627611019646,-0.9996317143049784,-0.024877754008115004,0.0,-0.9999125766295756,0.00972192827800793,0.007814736705020546,0.0,-0.007570144657839878,0.024953531933398262,-0.999659949259701,0.0,0.052719036465425514,-0.36259586622582407,0.13862484078611892,1.0
2024-07-09T20:29:47.402545,tau_J_d,0.0,0.0,0.0,0.0,0.0,0.0,0.0
2024-07-09T20:29:47.402545,q,-1.5342274841369996,-0.1400844122125887,0.11595215320484237,-2.8154945993702314,0.02635186930710069,2.650379615917832,0.9230068228356834
2024-07-09T20:29:47.402545,q_d,-1.5342275577271498,-0.14008189780486674,0.11595217284826578,-2.8154978192944227,0.026352225912941823,2.6503772763146283,0.9229986839656412
2024-07-09T20:29:47.412471,elbow,0.11595815320304151,-1.0
2024-07-09T20:29:47.412471,O_T_EE,-0.00990027614818463,-0.999631688207173,-0.024884118740183245,0.0,-0.9999126945194533,0.009708484173078413,0.007816365850924649,0.0,-0.007572045703598605,0.02495981095434418,-0.9996597781050242,0.0,0.05272081916350403,-0.3625940265988382,0.13862338824866605,1.0
2024-07-09T20:29:47.412471,tau_J_d,0.0,0.0,0.0,0.0,0.0,0.0,0.0
2024-07-09T20:29:47.412471,q,-1.5342275597213297,-0.14008190654147082,0.11595815320304151,-2.8154953420575426,0.026351208658324608,2.650376432236063,0.922999855285907
2024-07-09T20:29:47.412471,q_d,-1.5342275577271498,-0.14008189780486674,0.11595217284826578,-2.8154978192944227,0.026352225912941823,2.6503772763146283,0.9229986839656412
2024-07-09T20:29:47.453148,elbow,0.11595287226651473,-1.0
2024-07-09T20:29:47.453148,O_T_EE,-0.00990692213809327,-0.9996318353257175,-0.02487556227094692,0.0,-0.9999126402434549,0.009715232855060733,0.007814923745192612,0.0,-0.00757052044245259,0.024951291378619612,-0.9996600023401805,0.0,0.052719585178724285,-0.36259674560357746,0.13862623586721975,1.0
2024-07-09T20:29:47.453148,tau_J_d,0.0,0.0,0.0,0.0,0.0,0.0,0.0
2024-07-09T20:29:47.453148,q,-1.5342268718900731,-0.14008719733906483,0.11595287226651473,-2.8154928367228824,0.026351208660337622,2.6503772588720236,0.9230020409649656
2024-07-09T20:29:47.453148,q_d,-1.5342275577271498,-0.14008189780486674,0.11595217284826578,-2.8154978192944227,0.026352225912941823,2.6503772763146283,0.9229986839656412
2024-07-09T20:29:47.494339,elbow,0.11595537012167495,-1.0
2024-07-09T20:29:47.494339,O_T_EE,-0.009908055785614604,-0.9996317180408887,-0.02487982351985132,0.0,-0.9999126328714207,0.009716345527528165,0.007814483664400396,0.0,-0.0075700105152245525,0.024955556652991196,-0.9996598997323732,0.0,0.05272020218110747,-0.3625958585796396,0.13862438468884997,1.0
2024-07-09T20:29:47.494339,tau_J_d,0.0,0.0,0.0,0.0,0.0,0.0,0.0
2024-07-09T20:29:47.494339,q,-1.5342275597217137,-0.14008189521846934,0.11595537012167495,-2.815492835350517,0.02635324316554599,2.6503783947333086,0.9230031598731119
2024-07-09T20:29:47.494339,q_d,-1.5342275577271498,-0.14008189780486674,0.11595217284826578,-2.8154978192944227,0.026352225912941823,2.6503772763146283,0.9229986839656412
2024-07-09T20:29:47.535279,elbow,0.11595380761006006,-1.0
2024-07-09T20:29:47.535279,O_T_EE,-0.009903970424488302,-0.9996316295681077,-0.02488500428066317,0.0,-0.9999126550407502,0.009712160720305743,0.007816848771032921,0.0,-0.007572427906678385,0.024960729111402877,-0.9996597522846588,0.0,0.0527192670870153,-0.36259384031604946,0.13862316790298054,1.0
2024-07-09T20:29:47.535279,tau_J_d,0.0,0.0,0.0,0.0,0.0,0.0,0.0
2024-07-09T20:29:47.535279,q,-1.534227560651017,-0.14008192242241538,0.11595380761006006,-2.815496019743191,0.02634917415510456,2.65037609748538,0.9230010411843897
2024-07-09T20:29:47.535279,q_d,-1.5342275577271498,-0.14008189780486674,0.11595217284826578,-2.8154978192944227,0.026352225912941823,2.6503772763146283,0.9229986839656412
2024-07-09T20:29:47.576273,elbow,0.11595607943731252,-1.0
2024-07-09T20:29:47.576273,O_T_EE,-0.009906775144201437,-0.9996318002447538,-0.02487703050774615,0.0,-0.999912632796194,0.009715045088553297,0.007816109948020813,0.0,-0.007571696363817013,0.024952769933053766,-0.9996599565286399,0.0,0.05272024157434934,-0.36259567272340326,0.13862539268511975,1.0
2024-07-09T20:29:47.576273,tau_J_d,0.0,0.0,0.0,0.0,0.0,0.0,0.0
2024-07-09T20:29:47.576273,q,-1.5342275348417787,-0.14008653550207162,0.11595607943731252,-2.8154949017963933,0.026350191407758232,2.650378395292174,0.9230052592149767
2024-07-09T20:29:47.576273,q_d,-1.5342275577271498,-0.14008189780486674,0.11595217284826578,-2.8154978192944227,0.026352225912941823,2.6503772763146283,0.9229986839656412
2024-07-09T20:29:47.617270,elbow,0.11595750001334368,-1.0
2024-07-09T20:29:47.617270,O_T_EE,-0.009907432479004065,-0.9996316591491421,-0.024882437774774637,0.0,-0.9999126237289646,0.009715651499299796,0.007816516142792145,0.0,-0.007572033691825363,0.024958185768469577,-0.9996598187728245,0.0,0.05272255621521073,-0.36259411689865273,0.13862351999061723,1.0
2024-07-09T20:29:47.617270,tau_J_d,0.0,0.0,0.0,0.0,0.0,0.0,0.0
2024-07-09T20:29:47.617270,q,-1.5342222709530207,-0.14008189586072683,0.11595750001334368,-2.815495341152491,0.026350853515995736,2.6503780275441997,0.9230119804814864
2024-07-09T20:29:47.617270,q_d,-1.5342275577271498,-0.14008189780486674,0.11595217284826578,-2.8154978192944227,0.026352225912941823,2.6503772763146283,0.9229986839656412
2024-07-09T20:29:47.658180,elbow,0.1159581795141879,-1.0
2024-07-09T20:29:47.658180,O_T_EE,-0.009899254669296025,-0.999631565635156,-0.02488944844724279,0.0,-0.9999127009597928,0.00970740926003842,0.007816876995230955,0.0,-0.007572530721468221,0.02496513753463584,-0.9996596414211935,0.0,0.05272060130441825,-0.3625921877992735,0.1386215241294152,1.0
2024-07-09T20:29:47.658180,tau_J_d,0.0,0.0,0.0,0.0,0.0,0.0,0.0
2024-07-09T20:29:47.658180,q,-1.5342275521632986,-0.14007904741554159,0.1159581795141879,-2.8154978470856404,0.026351208660337657,2.6503764370632856,0.9229988148037731
2024-07-09T20:29:47.658180,q_d,-1.5342275577271498,-0.14008189780486674,0.11595217284826578,-2.8154978192944227,0.026352225912941823,2.6503772763146283,0.9229986839656412
2024-07-09T20:29:47.699245,elbow,0.115950079433802,-1.0
2024-07-09T20:29:47.699245,O_T_EE,-0.009918916744118857,-0.9996313263496527,-0.02489123083066714,0.0,-0.9999125162103312,0.009727083971618068,0.007816051723321666,0.0,-0.007571196827555175,0.024967060711062264,-0.9996596034941337,0.0,0.05271656510673326,-0.36259087074924207,0.13862085497458482,1.0
2024-07-09T20:29:47.699245,tau_J_d,0.0,0.0,0.0,0.0,0.0,0.0,0.0
2024-07-09T20:29:47.699245,q,-1.5342303192152256,-0.1400812726995707,0.115950079433802,-2.815502698384561,0.026352225912941823,2.6503772762966733,0.9230067362682075
2024-07-09T20:29:47.699245,q_d,-1.5342275577271498,-0.14008189780486674,0.11595217284826578,-2.8154978192944227,0.026352225912941823,2.6503772763146283,0.9229986839656412
2024-07-09T20:29:47.740316,elbow,0.11595294275134672,-1.0
2024-07-09T20:29:47.740316,O_T_EE,-0.009913505131971206,-0.9996315238277664,-0.024885455330067145,0.0,-0.9999125621016063,0.009721693734280504,0.00781688707523905,0.0,-0.007572223752225718,0.02496125272975369,-0.9996597407566274,0.0,0.0527188574312035,-0.3625932418441007,0.13862371626238434,1.0
2024-07-09T20:29:47.740316,tau_J_d,0.0,0.0,0.0,0.0,0.0,0.0,0.0
2024-07-09T20:29:47.740316,q,-1.5342274841371484,-0.1400853745367477,0.11595294275134672,-2.8154975999457568,0.026350191353603884,2.650373738319274,0.9230088566467965
2024-07-09T20:29:47.740316,q_d,-1.5342275577271498,-0.14008189780486674,0.11595217284826578,-2.8154978192944227,0.026352225912941823,2.6503772763146283,0.9229986839656412
2024-07-09T20:29:47.781258,elbow,0.11595289825674499,-1.0
2024-07-09T20:29:47.781258,O_T_EE,-0.009911716998179937,-0.9996316904527858,-0.02487947366529075,0.0,-0.9999125873302663,0.009719977712722329,0.007815793815395208,0.0,-0.007571233024080436,0.024955247286331826,-0.9996598981970684,0.0,0.05271900199450193,-0.36259599252390184,0.13862511691413998,1.0
2024-07-09T20:29:47.781258,tau_J_d,0.0,0.0,0.0,0.0,0.0,0.0,0.0
2024-07-09T20:29:47.781258,q,-1.534228278431832,-0.1400844796039786,0.11595289825674499,-2.8154929233302513,0.026350190920567042,2.6503760423500737,0.9230063403168267
2024-07-09T20:29:47.781258,q_d,-1.5342275577271498,-0.14008189780486674,0.11595217284826578,-2.8154978192944227,0.026352225912941823,2.6503772763146283,0.9229986839656412
2024-07-09T20:29:47.822221,elbow,0.1159583902947306,-1.0
2024-07-09T20:29:47.822221,O_T_EE,-0.009908745062948806,-0.9996317138476504,-0.024879717492263562,0.0,-0.9999126118932661,0.009716988763364518,0.007816367914052488,0.0,-0.0075718791008164065,0.02495547416804388,-0.9996598876397564,0.0,0.052720122042638165,-0.3625958290303077,0.13862442492032104,1.0
2024-07-09T20:29:47.822221,tau_J_d,0.0,0.0,0.0,0.0,0.0,0.0,0.0
2024-07-09T20:29:47.822221,q,-1.534230344585061,-0.14008213400390387,0.1159583902947306,-2.8154928392428014,0.02635023917423354,2.6503780418982648,0.9230066921597461
2024-07-09T20:29:47.822221,q_d,-1.5342275577271498,-0.14008189780486674,0.11595217284826578,-2.8154978192944227,0.026352225912941823,2.6503772763146283,0.9229986839656412
2024-07-09T20:29:47.863254,elbow,0.11595838998197994,-1.0
2024-07-09T20:29:47.863254,O_T_EE,-0.009905360556072402,-0.9996317794979145,-0.024878427428101514,0.0,-0.9999126515641077,0.00971363572914997,0.007815460585604674,0.0,-0.007571068557764046,0.024954149736100613,-0.9996599268410442,0.0,0.05272116154572009,-0.3625959341980943,0.13862525562683684,1.0
2024-07-09T20:29:47.863254,tau_J_d,0.0,0.0,0.0,0.0,0.0,0.0,0.0
2024-07-09T20:29:47.863254,q,-1.5342275606626807,-0.140084665915795,0.11595838998197994,-2.815492836407995,0.026352225912941823,2.6503769230992282,0.9230043313562447
2024-07-09T20:29:47.863254,q_d,-1.5342275577271498,-0.14008189780486674,0.11595217284826578,-2.8154978192944227,0.026352225912941823,2.6503772763146283,0.9229986839656412
2024-07-09T20:29:47.904172,elbow,0.11595310040208795,-1.0
2024-07-09T20:29:47.904172,O_T_EE,-0.00991910070988776,-0.999631717204806,-0.02487545578449462,0.0,-0.9999125242373677,0.009727423687724293,0.007814601900525677,0.0,-0.00756989556320052,0.024951273997631262,-0.9996600075060807,0.0,0.052717550980240266,-0.3625970954640909,0.13862564735747715,1.0
2024-07-09T20:29:47.904172,tau_J_d,0.0,0.0,0.0,0.0,0.0,0.0,0.0
2024-07-09T20:29:47.904172,q,-1.5342328503801113,-0.14008511046130684,0.11595310040208795,-2.8154928727179906,0.02635187071447043,2.650379497770652,0.9230078989137989
2024-07-09T20:29:47.904172,q_d,-1.5342275577271498,-0.14008189780486674,0.11595217284826578,-2.8154978192944227,0.026352225912941823,2.6503772763146283,0.9229986839656412
2024-07-09T20:29:47.912343,elbow,0.11595357378353037,-1.0
2024-07-09T20:29:47.912343,O_T_EE,-0.0099117663262384,-0.9996315111567893,-0.02488665690478202,0.0,-0.9999125875876848,0.00971997332110357,0.00781576634415383,0.0,-0.007571134448088428,0.02496243015586516,-0.9996597196065682,0.0,0.0527189339486368,-0.3625929391163887,0.13862235466122586,1.0
2024-07-09T20:29:47.912343,tau_J_d,0.0,0.0,0.0,0.0,0.0,0.0,0.0
2024-07-09T20:29:47.912343,q,-1.5342280488437148,-0.1400812746663196,0.11595357378353037,-2.815498076359176,0.02635222152643867,2.6503772758294453,0.9230053978277581
2024-07-09T20:29:47.912343,q_d,-1.5342275577271498,-0.14008189780486674,0.11595217284826578,-2.8154978192944227,0.026352225912941823,2.6503772763146283,0.9229986839656412
2024-07-09T20:29:47.922327,elbow,0.1159553704584317,-1.0
2024-07-09T20:29:47.922327,O_T_EE,-0.009908126643676757,-0.9996317985472748,-0.024876560468887754,0.0,-0.9999126316534573,0.009716440169474696,0.00781452183427365,0.0,-0.0075700786520357995,0.024952294725921153,-0.9996599806419746,0.0,0.052719081171519855,-0.362596699773202,0.13862491900167292,1.0
2024-07-09T20:29:47.922327,tau_J_d,0.0,0.0,0.0,0.0,0.0,0.0,0.0
2024-07-09T20:29:47.922327,q,-1.534230784046878,-0.1400828407293695,0.1159553704584317,-2.8154928357819626,0.02635222575047872,2.650380695243102,0.9230009233688354
2024-07-09T20:29:47.922327,q_d,-1.5342275577271498,-0.14008189780486674,0.11595217284826578,-2.8154978192944227,0.026352225912941823,2.6503772763146283,0.9229986839656412
2024-07-09T20:29:47.964142,elbow,0.11595289272349642,-1.0
2024-07-09T20:29:47.964142,O_T_EE,-0.009906686341470156,-0.9996317239014747,-0.0248801333739593,0.0,-0.9999126355622351,0.009714938271845698,0.007815888853307348,0.0,-0.007571447262152772,0.02495586977227118,-0.9996598810346776,0.0,0.05271909384557971,-0.3625950794301769,0.13862465369109664,1.0
2024-07-09T20:29:47.964142,tau_J_d,0.0,0.0,0.0,0.0,0.0,0.0,0.0
2024-07-09T20:29:47.964142,q,-1.5342275606652733,-0.1400851355550662,0.11595289272349642,-2.8154953415368524,0.02635019140772524,2.6503771584148637,0.9230019817388725
2024-07-09T20:29:47.964142,q_d,-1.5342275577271498,-0.14008189780486674,0.11595217284826578,-2.8154978192944227,0.026352225912941823,2.6503772763146283,0.9229986839656412
2024-07-09T20:29:48.005139,elbow,0.11595536914744085,-1.0
2024-07-09T20:29:48.005139,O_T_EE,-0.009912130406306827,-0.99963160215094,-0.02488285661176626,0.0,-0.9999125788725234,0.009720350157910151,0.007816412637248398,0.0,-0.0075718087892326915,0.02495863915690179,-0.9996598091566427,0.0,0.05271915855045614,-0.3625945403225188,0.13862333447353997,1.0
2024-07-09T20:29:48.005139,tau_J_d,0.0,0.0,0.0,0.0,0.0,0.0,0.0
2024-07-09T20:29:48.005139,q,-1.5342296531271211,-0.14008131549290742,0.11595536914744085,-2.81549534112081,0.02635019140773339,2.6503781982814454,0.9230077816168059
2024-07-09T20:29:48.005139,q_d,-1.5342275577271498,-0.14008189780486674,0.11595217284826578,-2.8154978192944227,0.026352225912941823,2.6503772763146283,0.9229986839656412
2024-07-09T20:29:48.046151,elbow,0.11595287334509943,-1.0
2024-07-09T20:29:48.046151,O_T_EE,-0.009910455003517633,-0.9996316910127182,-0.024879953896364514,0.0,-0.9999125969565812,0.009718702894060498,0.007816147568392365,0.0,-0.007571613708087055,0.02495572136642018,-0.9996598834788446,0.0,0.052718921798853915,-0.36259432987779344,0.13862444776665053,1.0
2024-07-09T20:29:48.046151,tau_J_d,0.0,0.0,0.0,0.0,0.0,0.0,0.0
2024-07-09T20:29:48.046151,q,-1.5342275606665694,-0.1400865527873336,0.11595287334509943,-2.8154978467711693,0.02635019140773349,2.6503783773114624,0.9230056921863323
2024-07-09T20:29:48.046151,q_d,-1.5342275577271498,-0.14008189780486674,0.11595217284826578,-2.8154978192944227,0.026352225912941823,2.6503772763146283,0.9229986839656412
2024-07-09T20:29:48.087174,elbow,0.11595746922535584,-1.0
2024-07-09T20:29:48.087174,O_T_EE,-0.009916582244740717,-0.999631575299954,-0.024882161504264387,0.0,-0.9999125380966123,0.009724817000720162,0.007816072716009608,0.0,-0.007571364386778855,0.024957974509326856,-0.9996598291167423,0.0,0.052718556063753225,-0.36259394213961416,0.13862363457513557,1.0
2024-07-09T20:29:48.087174,tau_J_d,0.0,0.0,0.0,0.0,0.0,0.0,0.0
2024-07-09T20:29:48.087174,q,-1.5342328503762233,-0.14008440939116032,0.11595746922535584,-2.815497872311799,0.026352225912941517,2.650378395292272,0.9230092680964685
2024-07-09T20:29:48.087174,q_d,-1.5342275577271498,-0.14008189780486674,0.11595217284826578,-2.8154978192944227,0.026352225912941823,2.6503772763146283,0.9229986839656412
2024-07-09T20:29:48.128134,elbow,0.11595502077481311,-1.0
2024-07-09T20:29:48.128134,O_T_EE,-0.009914142892905249,-0.999631647794187,-0.024880221063847185,0.0,-0.9999125682706345,0.009722413383196927,0.00781520272534951,0.0,-0.007570573940946706,0.024956007260122044,-0.9996598842165456,0.0,0.052718876038520476,-0.362595125267057,0.138623984102161,1.0
2024-07-09T20:29:48.128134,tau_J_d,0.0,0.0,0.0,0.0,0.0,0.0,0.0
2024-07-09T20:29:48.128134,q,-1.5342303447263266,-0.14008286888252017,0.11595502077481311,-2.815495417751385,0.026352221528443763,2.650379496804252,0.9230069777722264
2024-07-09T20:29:48.128134,q_d,-1.5342275577271498,-0.14008189780486674,0.11595217284826578,-2.8154978192944227,0.026352225912941823,2.6503772763146283,0.9229986839656412
2024-07-09T20:29:48.169161,elbow,0.11595286490088103,-1.0
2024-07-09T20:29:48.169161,O_T_EE,-0.009902257410986479,-0.9996319395659694,-0.0248732305692864,0.0,-0.9999126835576609,0.00971057842086831,0.007815166566191209,0.0,-0.007570902419901672,0.02494892686248539,-0.9996600584623547,0.0,0.05271932159279801,-0.36259720900720754,0.13862708034058896,1.0
