[
    {
        "timestamp": "2024-07-11T20:29:26.517744",
        "attribute_name": "elbow",
        "values": [
            0.2021491328389847,
            -1.0
        ]
    },
    {
        "timestamp": "2024-07-11T20:29:26.517744",
        "attribute_name": "O_T_EE",
        "values": [
            -0.057687842896935494,
            -0.9978948191385415,
            0.02930511251581025,
            0.0,
            -0.9976314714119067,
            0.05652893858883173,
            -0.0389444893629729,
            0.0,
            0.0372066336065542,
            -0.03148293224711673,
            -0.9988115394771883,
            0.0,
            0.04872165194349455,
            -0.40639961200124947,
            0.14985835217381477,
            1.0
        ]
    },
    {
        "timestamp": "2024-07-11T20:29:26.517744",
        "attribute_name": "tau_J_d",
        "values": [
            0.0,
            0.0,
            0.0,
            0.0,
            0.0,
            0.0,
            0.0
        ]
    },
    {
        "timestamp": "2024-07-11T20:29:26.517744",
        "attribute_name": "q",
        "values": [
            -1.650151484439391,
            -0.0797102561728996,
            0.2021491328389847,
            -2.7192054331117936,
            0.10917047527763579,
            2.6745486854310645,
            0.8683502900082268
        ]
    },
    {
        "timestamp": "2024-07-11T20:29:26.517744",
        "attribute_name": "q_d",
        "values": [
            -1.6501376951958469,
            -0.07970544073797127,
            0.20214384215338185,
            -2.719186201314802,
            0.1091725097828194,
            2.674555882983737,
            0.8683668913731327
        ]
    },
    {
        "timestamp": "2024-07-11T20:29:26.517744",
        "attribute_name": "dq",
        "values": [
            -0.0002573480832955361,
            -0.001939097286630247,
            0.0013970032462911827,
            0.0006533673574969404,
            -0.0003535435165443074,
            -0.0002903417744687802,
            0.0007285236629975409
        ]
    },
    {
        "timestamp": "2024-07-11T20:29:26.517744",
        "attribute_name": "tau_J",
        "values": [
            -0.22432845830917358,
            -20.315053939819336,
            -0.8082989454269409,
            16.538461685180664,
            0.483725905418396,
            2.499279022216797,
            -0.01844385638833046
        ]
    },
    {
        "timestamp": "2024-07-11T20:29:26.517744",
        "attribute_name": "dtau_J",
        "values": [
            47.755680084228516,
            206.01559448242188,
            -91.88443756103516,
            -30.123737335205078,
            -1.7509765625,
            20.324007034301758,
            -41.474388122558594
        ]
    },
    {
        "timestamp": "2024-07-11T20:29:26.517744",
        "attribute_name": "ddq_d",
        "values": [
            0.0,
            0.0,
            0.0,
            0.0,
            0.0,
            0.0,
            0.0
        ]
    },
    {
        "timestamp": "2024-07-11T20:29:26.517744",
        "attribute_name": "delbow_c",
        "values": [
            0.0,
            0.0
        ]
    },
    {
        "timestamp": "2024-07-11T20:29:26.517744",
        "attribute_name": "elbow_c",
        "values": [
            0.20214384215338185,
            -1.0
        ]
    },
    {
        "timestamp": "2024-07-11T20:29:26.517744",
        "attribute_name": "elbow_d",
        "values": [
            0.20214384215338185,
            -1.0
        ]
    },
    {
        "timestamp": "2024-07-11T20:29:26.517744",
        "attribute_name": "F_T_EE",
        "values": [
            0.707099974155426,
            -0.707099974155426,
            0.0,
            0.0,
            0.707099974155426,
            0.707099974155426,
            0.0,
            0.0,
            0.0,
            0.0,
            1.0,
            0.0,
            0.0,
            0.0,
            0.10339999943971634,
            1.0
        ]
    },
    {
        "timestamp": "2024-07-11T20:29:26.517744",
        "attribute_name": "O_ddP_EE_c",
        "values": [
            0.0,
            0.0,
            0.0,
            0.0,
            0.0,
            0.0
        ]
    },
    {
        "timestamp": "2024-07-11T20:29:26.517744",
        "attribute_name": "O_dP_EE_d",
        "values": [
            0.0,
            0.0,
            0.0,
            0.0,
            0.0,
            0.0
        ]
    },
    {
        "timestamp": "2024-07-11T20:29:26.517744",
        "attribute_name": "O_T_EE",
        "values": [
            -0.057687842896935494,
            -0.9978948191385415,
            0.02930511251581025,
            0.0,
            -0.9976314714119067,
            0.05652893858883173,
            -0.0389444893629729,
            0.0,
            0.0372066336065542,
            -0.03148293224711673,
            -0.9988115394771883,
            0.0,
            0.04872165194349455,
            -0.40639961200124947,
            0.14985835217381477,
            1.0
        ]
    },
    {
        "timestamp": "2024-07-11T20:29:26.517744",
        "attribute_name": "O_F_ext_hat_K",
        "values": [
            -0.6104041840852845,
            -0.3616284630878889,
            -1.2166936983918042,
            0.33298549477696643,
            -0.4365759903597669,
            -0.26011007385685897
        ]
    },
    {
        "timestamp": "2024-07-11T20:29:26.517744",
        "attribute_name": "m_ee",
        "values": 0.7300000190734863
    },
    {
        "timestamp": "2024-07-11T20:29:26.517744",
        "attribute_name": "tau_ext_hat_filtered",
        "values": [
            -0.2176416209666523,
            0.2311018139389252,
            -0.32023749851498334,
            -0.024663388175915613,
            0.16030103178443983,
            0.1848198427657674,
            0.00465663241262123
        ]
    },
    {
        "timestamp": "2024-07-11T20:29:26.517744",
        "attribute_name": "joint_contact",
        "values": [
            0.0,
            0.0,
            0.0,
            0.0,
            0.0,
            0.0,
            0.0
        ]
    },
    {
        "timestamp": "2024-07-11T20:29:26.517744",
        "attribute_name": "dq_d",
        "values": [
            0.0,
            0.0,
            0.0,
            0.0,
            0.0,
            0.0,
            0.0
        ]
    },
    {
        "timestamp": "2024-07-11T20:29:26.517744",
        "attribute_name": "EE_T_K",
        "values": [
            1.0,
            0.0,
            0.0,
            0.0,
            0.0,
            1.0,
            0.0,
            0.0,
            0.0,
            0.0,
            1.0,
            0.0,
            0.0,
            0.0,
            0.0,
            1.0
        ]
    },
    {
        "timestamp": "2024-07-11T20:29:26.517744",
        "attribute_name": "K_F_ext_hat_K",
        "values": [
            0.3604316641413697,
            0.6359117092090938,
            1.2039217455357683,
            0.4161411290134445,
            0.19207840107049326,
            -0.0008637599474174836
        ]
    },
    {
        "timestamp": "2024-07-11T20:29:26.517744",
        "attribute_name": "O_dP_EE_c",
        "values": [
            0.0,
            0.0,
            0.0,
            0.0,
            0.0,
            0.0
        ]
    },
    {
        "timestamp": "2024-07-11T20:29:26.517744",
        "attribute_name": "O_F_ext_hat_K",
        "values": [
            -0.6104041840852845,
            -0.3616284630878889,
            -1.2166936983918042,
            0.33298549477696643,
            -0.4365759903597669,
            -0.26011007385685897
        ]
    },
    {
        "timestamp": "2024-07-11T20:29:26.517744",
        "attribute_name": "cartesian_contact",
        "values": [
            0.0,
            0.0,
            0.0,
            0.0,
            0.0,
            0.0
        ]
    },
    {
        "timestamp": "2024-07-11T20:29:26.517744",
        "attribute_name": "joint_collision",
        "values": [
            0.0,
            0.0,
            0.0,
            0.0,
            0.0,
            0.0,
            0.0
        ]
    },
    {
        "timestamp": "2024-07-11T20:29:26.517744",
        "attribute_name": "cartesian_collision",
        "values": [
            0.0,
            0.0,
            0.0,
            0.0,
            0.0,
            0.0
        ]
    },
    {
        "timestamp": "2024-07-11T20:29:26.517744",
        "attribute_name": "theta",
        "values": [
            -1.6501672267913818,
            -0.08113481104373932,
            0.20209240913391113,
            -2.7180447578430176,
            0.10922422260046005,
            2.6748263835906982,
            0.868348240852356
        ]
    },
    {
        "timestamp": "2024-07-11T20:29:26.517744",
        "attribute_name": "control_command_success_rate",
        "values": 0.0
    },
    {
        "timestamp": "2024-07-11T20:29:26.517744",
        "attribute_name": "ddelbow_c",
        "values": [
            0.0,
            0.0
        ]
    },
    {
        "timestamp": "2024-07-11T20:29:26.517744",
        "attribute_name": "O_T_EE_d",
        "values": [
            -0.057697769295254366,
            -0.9978936436451993,
            0.029325591077891105,
            0.0,
            -0.9976307289565906,
            0.05653791066378381,
            -0.0389504839575074,
            0.0,
            0.037211149139507016,
            -0.03150407339247557,
            -0.998810704657994,
            0.0,
            0.0487265968397008,
            -0.4064094353552802,
            0.14986390017876208,
            1.0
        ]
    },
    {
        "timestamp": "2024-07-11T20:29:26.535943",
        "attribute_name": "elbow",
        "values": [
            0.2021491328389847,
            -1.0
        ]
    },
    {
        "timestamp": "2024-07-11T20:29:26.535943",
        "attribute_name": "O_T_EE",
        "values": [
            -0.057687842896935494,
            -0.9978948191385415,
            0.02930511251581025,
            0.0,
            -0.9976314714119067,
            0.05652893858883173,
            -0.0389444893629729,
            0.0,
            0.0372066336065542,
            -0.03148293224711673,
            -0.9988115394771883,
            0.0,
            0.04872165194349455,
            -0.40639961200124947,
            0.14985835217381477,
            1.0
        ]
    },
    {
        "timestamp": "2024-07-11T20:29:26.535943",
        "attribute_name": "tau_J_d",
        "values": [
            0.0,
            0.0,
            0.0,
            0.0,
            0.0,
            0.0,
            0.0
        ]
    },
    {
        "timestamp": "2024-07-11T20:29:26.535943",
        "attribute_name": "q",
        "values": [
            -1.650151484439391,
            -0.0797102561728996,
            0.2021491328389847,
            -2.7192054331117936,
            0.10917047527763579,
            2.6745486854310645,
            0.8683502900082268
        ]
    },
    {
        "timestamp": "2024-07-11T20:29:26.535943",
        "attribute_name": "q_d",
        "values": [
            -1.6501376951958469,
            -0.07970544073797127,
            0.20214384215338185,
            -2.719186201314802,
            0.1091725097828194,
            2.674555882983737,
            0.8683668913731327
        ]
    },
    {
        "timestamp": "2024-07-11T20:29:26.535943",
        "attribute_name": "dq",
        "values": [
            -0.0002573480832955361,
            -0.001939097286630247,
            0.0013970032462911827,
            0.0006533673574969404,
            -0.0003535435165443074,
            -0.0002903417744687802,
            0.0007285236629975409
        ]
    },
    {
        "timestamp": "2024-07-11T20:29:26.535943",
        "attribute_name": "tau_J",
        "values": [
            -0.22432845830917358,
            -20.315053939819336,
            -0.8082989454269409,
            16.538461685180664,
            0.483725905418396,
            2.499279022216797,
            -0.01844385638833046
        ]
    },
    {
        "timestamp": "2024-07-11T20:29:26.535943",
        "attribute_name": "dtau_J",
        "values": [
            47.755680084228516,
            206.01559448242188,
            -91.88443756103516,
            -30.123737335205078,
            -1.7509765625,
            20.324007034301758,
            -41.474388122558594
        ]
    },
    {
        "timestamp": "2024-07-11T20:29:26.535943",
        "attribute_name": "ddq_d",
        "values": [
            0.0,
            0.0,
            0.0,
            0.0,
            0.0,
            0.0,
            0.0
        ]
    },
    {
        "timestamp": "2024-07-11T20:29:26.535943",
        "attribute_name": "delbow_c",
        "values": [
            0.0,
            0.0
        ]
    },
    {
        "timestamp": "2024-07-11T20:29:26.535943",
        "attribute_name": "elbow_c",
        "values": [
            0.20214384215338185,
            -1.0
        ]
    },
    {
        "timestamp": "2024-07-11T20:29:26.535943",
        "attribute_name": "elbow_d",
        "values": [
            0.20214384215338185,
            -1.0
        ]
    },
    {
        "timestamp": "2024-07-11T20:29:26.535943",
        "attribute_name": "F_T_EE",
        "values": [
            0.707099974155426,
            -0.707099974155426,
            0.0,
            0.0,
            0.707099974155426,
            0.707099974155426,
            0.0,
            0.0,
            0.0,
            0.0,
            1.0,
            0.0,
            0.0,
            0.0,
            0.10339999943971634,
            1.0
        ]
    },
    {
        "timestamp": "2024-07-11T20:29:26.535943",
        "attribute_name": "O_ddP_EE_c",
        "values": [
            0.0,
            0.0,
            0.0,
            0.0,
            0.0,
            0.0
        ]
    },
    {
        "timestamp": "2024-07-11T20:29:26.535943",
        "attribute_name": "O_dP_EE_d",
        "values": [
            0.0,
            0.0,
            0.0,
            0.0,
            0.0,
            0.0
        ]
    },
    {
        "timestamp": "2024-07-11T20:29:26.535943",
        "attribute_name": "O_T_EE",
        "values": [
            -0.057687842896935494,
            -0.9978948191385415,
            0.02930511251581025,
            0.0,
            -0.9976314714119067,
            0.05652893858883173,
            -0.0389444893629729,
            0.0,
            0.0372066336065542,
            -0.03148293224711673,
            -0.9988115394771883,
            0.0,
            0.04872165194349455,
            -0.40639961200124947,
            0.14985835217381477,
            1.0
        ]
    },
    {
        "timestamp": "2024-07-11T20:29:26.535943",
        "attribute_name": "O_F_ext_hat_K",
        "values": [
            -0.6104041840852845,
            -0.3616284630878889,
            -1.2166936983918042,
            0.33298549477696643,
            -0.4365759903597669,
            -0.26011007385685897
        ]
    },
    {
        "timestamp": "2024-07-11T20:29:26.535943",
        "attribute_name": "m_ee",
        "values": 0.7300000190734863
    },
    {
        "timestamp": "2024-07-11T20:29:26.535943",
        "attribute_name": "tau_ext_hat_filtered",
        "values": [
            -0.2176416209666523,
            0.2311018139389252,
            -0.32023749851498334,
            -0.024663388175915613,
            0.16030103178443983,
            0.1848198427657674,
            0.00465663241262123
        ]
    },
    {
        "timestamp": "2024-07-11T20:29:26.535943",
        "attribute_name": "joint_contact",
        "values": [
            0.0,
            0.0,
            0.0,
            0.0,
            0.0,
            0.0,
            0.0
        ]
    },
    {
        "timestamp": "2024-07-11T20:29:26.535943",
        "attribute_name": "dq_d",
        "values": [
            0.0,
            0.0,
            0.0,
            0.0,
            0.0,
            0.0,
            0.0
        ]
    },
    {
        "timestamp": "2024-07-11T20:29:26.535943",
        "attribute_name": "EE_T_K",
        "values": [
            1.0,
            0.0,
            0.0,
            0.0,
            0.0,
            1.0,
            0.0,
            0.0,
            0.0,
            0.0,
            1.0,
            0.0,
            0.0,
            0.0,
            0.0,
            1.0
        ]
    },
    {
        "timestamp": "2024-07-11T20:29:26.535943",
        "attribute_name": "K_F_ext_hat_K",
        "values": [
            0.3604316641413697,
            0.6359117092090938,
            1.2039217455357683,
            0.4161411290134445,
            0.19207840107049326,
            -0.0008637599474174836
        ]
    },
    {
        "timestamp": "2024-07-11T20:29:26.535943",
        "attribute_name": "O_dP_EE_c",
        "values": [
            0.0,
            0.0,
            0.0,
            0.0,
            0.0,
            0.0
        ]
    },
    {
        "timestamp": "2024-07-11T20:29:26.535943",
        "attribute_name": "O_F_ext_hat_K",
        "values": [
            -0.6104041840852845,
            -0.3616284630878889,
            -1.2166936983918042,
            0.33298549477696643,
            -0.4365759903597669,
            -0.26011007385685897
        ]
    },
    {
        "timestamp": "2024-07-11T20:29:26.535943",
        "attribute_name": "cartesian_contact",
        "values": [
            0.0,
            0.0,
            0.0,
            0.0,
            0.0,
            0.0
        ]
    },
    {
        "timestamp": "2024-07-11T20:29:26.535943",
        "attribute_name": "joint_collision",
        "values": [
            0.0,
            0.0,
            0.0,
            0.0,
            0.0,
            0.0,
            0.0
        ]
    },
    {
        "timestamp": "2024-07-11T20:29:26.535943",
        "attribute_name": "cartesian_collision",
        "values": [
            0.0,
            0.0,
            0.0,
            0.0,
            0.0,
            0.0
        ]
    },
    {
        "timestamp": "2024-07-11T20:29:26.535943",
        "attribute_name": "theta",
        "values": [
            -1.6501672267913818,
            -0.08113481104373932,
            0.20209240913391113,
            -2.7180447578430176,
            0.10922422260046005,
            2.6748263835906982,
            0.868348240852356
        ]
    },
    {
        "timestamp": "2024-07-11T20:29:26.535943",
        "attribute_name": "control_command_success_rate",
        "values": 0.0
    },
    {
        "timestamp": "2024-07-11T20:29:26.535943",
        "attribute_name": "ddelbow_c",
        "values": [
            0.0,
            0.0
        ]
    },
    {
        "timestamp": "2024-07-11T20:29:26.535943",
        "attribute_name": "O_T_EE_d",
        "values": [
            -0.057697769295254366,
            -0.9978936436451993,
            0.029325591077891105,
            0.0,
            -0.9976307289565906,
            0.05653791066378381,
            -0.0389504839575074,
            0.0,
            0.037211149139507016,
            -0.03150407339247557,
            -0.998810704657994,
            0.0,
            0.0487265968397008,
            -0.4064094353552802,
            0.14986390017876208,
            1.0
        ]
    },
    {
        "timestamp": "2024-07-11T20:29:26.555445",
        "attribute_name": "elbow",
        "values": [
            0.2021491328389847,
            -1.0
        ]
    },
    {
        "timestamp": "2024-07-11T20:29:26.555445",
        "attribute_name": "O_T_EE",
        "values": [
            -0.057687842896935494,
            -0.9978948191385415,
            0.02930511251581025,
            0.0,
            -0.9976314714119067,
            0.05652893858883173,
            -0.0389444893629729,
            0.0,
            0.0372066336065542,
            -0.03148293224711673,
            -0.9988115394771883,
            0.0,
            0.04872165194349455,
            -0.40639961200124947,
            0.14985835217381477,
            1.0
        ]
    },
    {
        "timestamp": "2024-07-11T20:29:26.555445",
        "attribute_name": "tau_J_d",
        "values": [
            0.0,
            0.0,
            0.0,
            0.0,
            0.0,
            0.0,
            0.0
        ]
    },
    {
        "timestamp": "2024-07-11T20:29:26.555445",
        "attribute_name": "q",
        "values": [
            -1.650151484439391,
            -0.0797102561728996,
            0.2021491328389847,
            -2.7192054331117936,
            0.10917047527763579,
            2.6745486854310645,
            0.8683502900082268
        ]
    },
    {
        "timestamp": "2024-07-11T20:29:26.555445",
        "attribute_name": "q_d",
        "values": [
            -1.6501376951958469,
            -0.07970544073797127,
            0.20214384215338185,
            -2.719186201314802,
            0.1091725097828194,
            2.674555882983737,
            0.8683668913731327
        ]
    },
    {
        "timestamp": "2024-07-11T20:29:26.555445",
        "attribute_name": "dq",
        "values": [
            -0.0002573480832955361,
            -0.001939097286630247,
            0.0013970032462911827,
            0.0006533673574969404,
            -0.0003535435165443074,
            -0.0002903417744687802,
            0.0007285236629975409
        ]
    },
    {
        "timestamp": "2024-07-11T20:29:26.555445",
        "attribute_name": "tau_J",
        "values": [
            -0.22432845830917358,
            -20.315053939819336,
            -0.8082989454269409,
            16.538461685180664,
            0.483725905418396,
            2.499279022216797,
            -0.01844385638833046
        ]
    },
    {
        "timestamp": "2024-07-11T20:29:26.555445",
        "attribute_name": "dtau_J",
        "values": [
            47.755680084228516,
            206.01559448242188,
            -91.88443756103516,
            -30.123737335205078,
            -1.7509765625,
            20.324007034301758,
            -41.474388122558594
        ]
    },
    {
        "timestamp": "2024-07-11T20:29:26.555445",
        "attribute_name": "ddq_d",
        "values": [
            0.0,
            0.0,
            0.0,
            0.0,
            0.0,
            0.0,
            0.0
        ]
    },
    {
        "timestamp": "2024-07-11T20:29:26.555445",
        "attribute_name": "delbow_c",
        "values": [
            0.0,
            0.0
        ]
    },
    {
        "timestamp": "2024-07-11T20:29:26.555445",
        "attribute_name": "elbow_c",
        "values": [
            0.20214384215338185,
            -1.0
        ]
    },
    {
        "timestamp": "2024-07-11T20:29:26.555445",
        "attribute_name": "elbow_d",
        "values": [
            0.20214384215338185,
            -1.0
        ]
    },
    {
        "timestamp": "2024-07-11T20:29:26.555445",
        "attribute_name": "F_T_EE",
        "values": [
            0.707099974155426,
            -0.707099974155426,
            0.0,
            0.0,
            0.707099974155426,
            0.707099974155426,
            0.0,
            0.0,
            0.0,
            0.0,
            1.0,
            0.0,
            0.0,
            0.0,
            0.10339999943971634,
            1.0
        ]
    },
    {
        "timestamp": "2024-07-11T20:29:26.555445",
        "attribute_name": "O_ddP_EE_c",
        "values": [
            0.0,
            0.0,
            0.0,
            0.0,
            0.0,
            0.0
        ]
    },
    {
        "timestamp": "2024-07-11T20:29:26.555445",
        "attribute_name": "O_dP_EE_d",
        "values": [
            0.0,
            0.0,
            0.0,
            0.0,
            0.0,
            0.0
        ]
    },
    {
        "timestamp": "2024-07-11T20:29:26.555445",
        "attribute_name": "O_T_EE",
        "values": [
            -0.057687842896935494,
            -0.9978948191385415,
            0.02930511251581025,
            0.0,
            -0.9976314714119067,
            0.05652893858883173,
            -0.0389444893629729,
            0.0,
            0.0372066336065542,
            -0.03148293224711673,
            -0.9988115394771883,
            0.0,
            0.04872165194349455,
            -0.40639961200124947,
            0.14985835217381477,
            1.0
        ]
    },
    {
        "timestamp": "2024-07-11T20:29:26.555445",
        "attribute_name": "O_F_ext_hat_K",
        "values": [
            -0.6104041840852845,
            -0.3616284630878889,
            -1.2166936983918042,
            0.33298549477696643,
            -0.4365759903597669,
            -0.26011007385685897
        ]
    },
    {
        "timestamp": "2024-07-11T20:29:26.555445",
        "attribute_name": "m_ee",
        "values": 0.7300000190734863
    },
    {
        "timestamp": "2024-07-11T20:29:26.555445",
        "attribute_name": "tau_ext_hat_filtered",
        "values": [
            -0.2176416209666523,
            0.2311018139389252,
            -0.32023749851498334,
            -0.024663388175915613,
            0.16030103178443983,
            0.1848198427657674,
            0.00465663241262123
        ]
    },
    {
        "timestamp": "2024-07-11T20:29:26.555445",
        "attribute_name": "joint_contact",
        "values": [
            0.0,
            0.0,
            0.0,
            0.0,
            0.0,
            0.0,
            0.0
        ]
    },
    {
        "timestamp": "2024-07-11T20:29:26.555445",
        "attribute_name": "dq_d",
        "values": [
            0.0,
            0.0,
            0.0,
            0.0,
            0.0,
            0.0,
            0.0
        ]
    },
    {
        "timestamp": "2024-07-11T20:29:26.555445",
        "attribute_name": "EE_T_K",
        "values": [
            1.0,
            0.0,
            0.0,
            0.0,
            0.0,
            1.0,
            0.0,
            0.0,
            0.0,
            0.0,
            1.0,
            0.0,
            0.0,
            0.0,
            0.0,
            1.0
        ]
    },
    {
        "timestamp": "2024-07-11T20:29:26.555445",
        "attribute_name": "K_F_ext_hat_K",
        "values": [
            0.3604316641413697,
            0.6359117092090938,
            1.2039217455357683,
            0.4161411290134445,
            0.19207840107049326,
            -0.0008637599474174836
        ]
    },
    {
        "timestamp": "2024-07-11T20:29:26.555445",
        "attribute_name": "O_dP_EE_c",
        "values": [
            0.0,
            0.0,
            0.0,
            0.0,
            0.0,
            0.0
        ]
    },
    {
        "timestamp": "2024-07-11T20:29:26.555445",
        "attribute_name": "O_F_ext_hat_K",
        "values": [
            -0.6104041840852845,
            -0.3616284630878889,
            -1.2166936983918042,
            0.33298549477696643,
            -0.4365759903597669,
            -0.26011007385685897
        ]
    },
    {
        "timestamp": "2024-07-11T20:29:26.555445",
        "attribute_name": "cartesian_contact",
        "values": [
            0.0,
            0.0,
            0.0,
            0.0,
            0.0,
            0.0
        ]
    },
    {
        "timestamp": "2024-07-11T20:29:26.555445",
        "attribute_name": "joint_collision",
        "values": [
            0.0,
            0.0,
            0.0,
            0.0,
            0.0,
            0.0,
            0.0
        ]
    },
    {
        "timestamp": "2024-07-11T20:29:26.555445",
        "attribute_name": "cartesian_collision",
        "values": [
            0.0,
            0.0,
            0.0,
            0.0,
            0.0,
            0.0
        ]
    },
    {
        "timestamp": "2024-07-11T20:29:26.555445",
        "attribute_name": "theta",
        "values": [
            -1.6501672267913818,
            -0.08113481104373932,
            0.20209240913391113,
            -2.7180447578430176,
            0.10922422260046005,
            2.6748263835906982,
            0.868348240852356
        ]
    },
    {
        "timestamp": "2024-07-11T20:29:26.555445",
        "attribute_name": "control_command_success_rate",
        "values": 0.0
    },
    {
        "timestamp": "2024-07-11T20:29:26.555445",
        "attribute_name": "ddelbow_c",
        "values": [
            0.0,
            0.0
        ]
    },
    {
        "timestamp": "2024-07-11T20:29:26.555445",
        "attribute_name": "O_T_EE_d",
        "values": [
            -0.057697769295254366,
            -0.9978936436451993,
            0.029325591077891105,
            0.0,
            -0.9976307289565906,
            0.05653791066378381,
            -0.0389504839575074,
            0.0,
            0.037211149139507016,
            -0.03150407339247557,
            -0.998810704657994,
            0.0,
            0.0487265968397008,
            -0.4064094353552802,
            0.14986390017876208,
            1.0
        ]
    },
    {
        "timestamp": "2024-07-11T20:29:26.587657",
        "attribute_name": "elbow",
        "values": [
            0.2021491328389847,
            -1.0
        ]
    },
    {
        "timestamp": "2024-07-11T20:29:26.587657",
        "attribute_name": "O_T_EE",
        "values": [
            -0.057687842896935494,
            -0.9978948191385415,
            0.02930511251581025,
            0.0,
            -0.9976314714119067,
            0.05652893858883173,
            -0.0389444893629729,
            0.0,
            0.0372066336065542,
            -0.03148293224711673,
            -0.9988115394771883,
            0.0,
            0.04872165194349455,
            -0.40639961200124947,
            0.14985835217381477,
            1.0
        ]
    },
    {
        "timestamp": "2024-07-11T20:29:26.587657",
        "attribute_name": "tau_J_d",
        "values": [
            0.0,
            0.0,
            0.0,
            0.0,
            0.0,
            0.0,
            0.0
        ]
    },
    {
        "timestamp": "2024-07-11T20:29:26.587657",
        "attribute_name": "q",
        "values": [
            -1.650151484439391,
            -0.0797102561728996,
            0.2021491328389847,
            -2.7192054331117936,
            0.10917047527763579,
            2.6745486854310645,
            0.8683502900082268
        ]
    },
    {
        "timestamp": "2024-07-11T20:29:26.587657",
        "attribute_name": "q_d",
        "values": [
            -1.6501376951958469,
            -0.07970544073797127,
            0.20214384215338185,
            -2.719186201314802,
            0.1091725097828194,
            2.674555882983737,
            0.8683668913731327
        ]
    },
    {
        "timestamp": "2024-07-11T20:29:26.587657",
        "attribute_name": "dq",
        "values": [
            -0.0002573480832955361,
            -0.001939097286630247,
            0.0013970032462911827,
            0.0006533673574969404,
            -0.0003535435165443074,
            -0.0002903417744687802,
            0.0007285236629975409
        ]
    },
    {
        "timestamp": "2024-07-11T20:29:26.587657",
        "attribute_name": "tau_J",
        "values": [
            -0.22432845830917358,
            -20.315053939819336,
            -0.8082989454269409,
            16.538461685180664,
            0.483725905418396,
            2.499279022216797,
            -0.01844385638833046
        ]
    },
    {
        "timestamp": "2024-07-11T20:29:26.587657",
        "attribute_name": "dtau_J",
        "values": [
            47.755680084228516,
            206.01559448242188,
            -91.88443756103516,
            -30.123737335205078,
            -1.7509765625,
            20.324007034301758,
            -41.474388122558594
        ]
    },
    {
        "timestamp": "2024-07-11T20:29:26.587657",
        "attribute_name": "ddq_d",
        "values": [
            0.0,
            0.0,
            0.0,
            0.0,
            0.0,
            0.0,
            0.0
        ]
    },
    {
        "timestamp": "2024-07-11T20:29:26.587657",
        "attribute_name": "delbow_c",
        "values": [
            0.0,
            0.0
        ]
    },
    {
        "timestamp": "2024-07-11T20:29:26.587657",
        "attribute_name": "elbow_c",
        "values": [
            0.20214384215338185,
            -1.0
        ]
    },
    {
        "timestamp": "2024-07-11T20:29:26.587657",
        "attribute_name": "elbow_d",
        "values": [
            0.20214384215338185,
            -1.0
        ]
    },
    {
        "timestamp": "2024-07-11T20:29:26.587657",
        "attribute_name": "F_T_EE",
        "values": [
            0.707099974155426,
            -0.707099974155426,
            0.0,
            0.0,
            0.707099974155426,
            0.707099974155426,
            0.0,
            0.0,
            0.0,
            0.0,
            1.0,
            0.0,
            0.0,
            0.0,
            0.10339999943971634,
            1.0
        ]
    },
    {
        "timestamp": "2024-07-11T20:29:26.587657",
        "attribute_name": "O_ddP_EE_c",
        "values": [
            0.0,
            0.0,
            0.0,
            0.0,
            0.0,
            0.0
        ]
    },
    {
        "timestamp": "2024-07-11T20:29:26.587657",
        "attribute_name": "O_dP_EE_d",
        "values": [
            0.0,
            0.0,
            0.0,
            0.0,
            0.0,
            0.0
        ]
    },
    {
        "timestamp": "2024-07-11T20:29:26.587657",
        "attribute_name": "O_T_EE",
        "values": [
            -0.057687842896935494,
            -0.9978948191385415,
            0.02930511251581025,
            0.0,
            -0.9976314714119067,
            0.05652893858883173,
            -0.0389444893629729,
            0.0,
            0.0372066336065542,
            -0.03148293224711673,
            -0.9988115394771883,
            0.0,
            0.04872165194349455,
            -0.40639961200124947,
            0.14985835217381477,
            1.0
        ]
    },
    {
        "timestamp": "2024-07-11T20:29:26.587657",
        "attribute_name": "O_F_ext_hat_K",
        "values": [
            -0.6104041840852845,
            -0.3616284630878889,
            -1.2166936983918042,
            0.33298549477696643,
            -0.4365759903597669,
            -0.26011007385685897
        ]
    },
    {
        "timestamp": "2024-07-11T20:29:26.587657",
        "attribute_name": "m_ee",
        "values": 0.7300000190734863
    },
    {
        "timestamp": "2024-07-11T20:29:26.587657",
        "attribute_name": "tau_ext_hat_filtered",
        "values": [
            -0.2176416209666523,
            0.2311018139389252,
            -0.32023749851498334,
            -0.024663388175915613,
            0.16030103178443983,
            0.1848198427657674,
            0.00465663241262123
        ]
    },
    {
        "timestamp": "2024-07-11T20:29:26.587657",
        "attribute_name": "joint_contact",
        "values": [
            0.0,
            0.0,
            0.0,
            0.0,
            0.0,
            0.0,
            0.0
        ]
    },
    {
        "timestamp": "2024-07-11T20:29:26.587657",
        "attribute_name": "dq_d",
        "values": [
            0.0,
            0.0,
            0.0,
            0.0,
            0.0,
            0.0,
            0.0
        ]
    },
    {
        "timestamp": "2024-07-11T20:29:26.587657",
        "attribute_name": "EE_T_K",
        "values": [
            1.0,
            0.0,
            0.0,
            0.0,
            0.0,
            1.0,
            0.0,
            0.0,
            0.0,
            0.0,
            1.0,
            0.0,
            0.0,
            0.0,
            0.0,
            1.0
        ]
    },
    {
        "timestamp": "2024-07-11T20:29:26.587657",
        "attribute_name": "K_F_ext_hat_K",
        "values": [
            0.3604316641413697,
            0.6359117092090938,
            1.2039217455357683,
            0.4161411290134445,
            0.19207840107049326,
            -0.0008637599474174836
        ]
    },
    {
        "timestamp": "2024-07-11T20:29:26.587657",
        "attribute_name": "O_dP_EE_c",
        "values": [
            0.0,
            0.0,
            0.0,
            0.0,
            0.0,
            0.0
        ]
    },
    {
        "timestamp": "2024-07-11T20:29:26.587657",
        "attribute_name": "O_F_ext_hat_K",
        "values": [
            -0.6104041840852845,
            -0.3616284630878889,
            -1.2166936983918042,
            0.33298549477696643,
            -0.4365759903597669,
            -0.26011007385685897
        ]
    },
    {
        "timestamp": "2024-07-11T20:29:26.587657",
        "attribute_name": "cartesian_contact",
        "values": [
            0.0,
            0.0,
            0.0,
            0.0,
            0.0,
            0.0
        ]
    },
    {
        "timestamp": "2024-07-11T20:29:26.587657",
        "attribute_name": "joint_collision",
        "values": [
            0.0,
            0.0,
            0.0,
            0.0,
            0.0,
            0.0,
            0.0
        ]
    },
    {
        "timestamp": "2024-07-11T20:29:26.587657",
        "attribute_name": "cartesian_collision",
        "values": [
            0.0,
            0.0,
            0.0,
            0.0,
            0.0,
            0.0
        ]
    },
    {
        "timestamp": "2024-07-11T20:29:26.587657",
        "attribute_name": "theta",
        "values": [
            -1.6501672267913818,
            -0.08113481104373932,
            0.20209240913391113,
            -2.7180447578430176,
            0.10922422260046005,
            2.6748263835906982,
            0.868348240852356
        ]
    },
    {
        "timestamp": "2024-07-11T20:29:26.587657",
        "attribute_name": "control_command_success_rate",
        "values": 0.0
    },
    {
        "timestamp": "2024-07-11T20:29:26.587657",
        "attribute_name": "ddelbow_c",
        "values": [
            0.0,
            0.0
        ]
    },
    {
        "timestamp": "2024-07-11T20:29:26.587657",
        "attribute_name": "O_T_EE_d",
        "values": [
            -0.057697769295254366,
            -0.9978936436451993,
            0.029325591077891105,
            0.0,
            -0.9976307289565906,
            0.05653791066378381,
            -0.0389504839575074,
            0.0,
            0.037211149139507016,
            -0.03150407339247557,
            -0.998810704657994,
            0.0,
            0.0487265968397008,
            -0.4064094353552802,
            0.14986390017876208,
            1.0
        ]
    },
    {
        "timestamp": "2024-07-11T20:29:26.633015",
        "attribute_name": "elbow",
        "values": [
            0.2021491328389847,
            -1.0
        ]
    },
    {
        "timestamp": "2024-07-11T20:29:26.633015",
        "attribute_name": "O_T_EE",
        "values": [
            -0.057687842896935494,
            -0.9978948191385415,
            0.02930511251581025,
            0.0,
            -0.9976314714119067,
            0.05652893858883173,
            -0.0389444893629729,
            0.0,
            0.0372066336065542,
            -0.03148293224711673,
            -0.9988115394771883,
            0.0,
            0.04872165194349455,
            -0.40639961200124947,
            0.14985835217381477,
            1.0
        ]
    },
    {
        "timestamp": "2024-07-11T20:29:26.633015",
        "attribute_name": "tau_J_d",
        "values": [
