[
    {
        "timestamp": "2024-07-12T15:22:14.453043",
        "attribute_name": "elbow",
        "values": [
            0.2015488659299859,
            -1.0
        ]
    },
    {
        "timestamp": "2024-07-12T15:22:14.453043",
        "attribute_name": "O_T_EE",
        "values": [
            -0.03925728040881479,
            -0.9990959592571036,
            0.01571232103285865,
            0.0,
            -0.9985807185699419,
            0.03866516396272874,
            -0.03636345001896762,
            0.0,
            0.03572374430240595,
            -0.017117880553665584,
            -0.9992150880858268,
            0.0,
            0.05264075309013725,
            -0.4012388120384969,
            0.1433972728242001,
            1.0
        ]
    },
    {
        "timestamp": "2024-07-12T15:22:14.453043",
        "attribute_name": "tau_J_d",
        "values": [
            0.0,
            0.0,
            0.0,
            0.0,
            0.0,
            0.0,
            0.0
        ]
    },
    {
        "timestamp": "2024-07-12T15:22:14.453043",
        "attribute_name": "q",
        "values": [
            -1.6389889485812947,
            -0.06835530300840481,
            0.2015488659299859,
            -2.7257765484744687,
            0.10491986043824127,
            2.6783260716485184,
            0.8640104616781076
        ]
    },
    {
        "timestamp": "2024-07-12T15:22:14.453043",
        "attribute_name": "q_d",
        "values": [
            -1.6390044621961157,
            -0.06837574825788799,
            0.20147740815875356,
            -2.725782479976033,
            0.10489012334654187,
            2.6784038455932504,
            0.8640319389197381
        ]
    },
    {
        "timestamp": "2024-07-12T15:22:14.453043",
        "attribute_name": "dq",
        "values": [
            0.00013818296131798126,
            0.0014807016547089755,
            -0.00021215800355471048,
            0.00046843602956820056,
            0.0004917983672986176,
            -0.0002891033421892936,
            -0.0010154948459748297
        ]
    },
    {
        "timestamp": "2024-07-12T15:22:14.453043",
        "attribute_name": "tau_J",
        "values": [
            -0.4861692786216736,
            -20.850637435913086,
            -0.9947613477706909,
            16.276620864868164,
            0.354636549949646,
            2.499279022216797,
            0.12437841296195984
        ]
    },
    {
        "timestamp": "2024-07-12T15:22:14.453043",
        "attribute_name": "dtau_J",
        "values": [
            -51.37999725341797,
            9.189568519592285,
            11.903236389160156,
            94.70325469970703,
            -36.77528381347656,
            8.16772174835205,
            80.31514739990234
        ]
    },
    {
        "timestamp": "2024-07-12T15:22:14.453043",
        "attribute_name": "ddq_d",
        "values": [
            0.0,
            0.0,
            0.0,
            0.0,
            0.0,
            0.0,
            0.0
        ]
    },
    {
        "timestamp": "2024-07-12T15:22:14.453043",
        "attribute_name": "delbow_c",
        "values": [
            0.0,
            0.0
        ]
    },
    {
        "timestamp": "2024-07-12T15:22:14.453043",
        "attribute_name": "elbow_c",
        "values": [
            0.20147740815875356,
            -1.0
        ]
    },
    {
        "timestamp": "2024-07-12T15:22:14.453043",
        "attribute_name": "elbow_d",
        "values": [
            0.20147740815875356,
            -1.0
        ]
    },
    {
        "timestamp": "2024-07-12T15:22:14.453043",
        "attribute_name": "F_T_EE",
        "values": [
            0.707099974155426,
            -0.707099974155426,
            0.0,
            0.0,
            0.707099974155426,
            0.707099974155426,
            0.0,
            0.0,
            0.0,
            0.0,
            1.0,
            0.0,
            0.0,
            0.0,
            0.10339999943971634,
            1.0
        ]
    },
    {
        "timestamp": "2024-07-12T15:22:14.453043",
        "attribute_name": "O_ddP_EE_c",
        "values": [
            0.0,
            0.0,
            0.0,
            0.0,
            0.0,
            0.0
        ]
    },
    {
        "timestamp": "2024-07-12T15:22:14.453043",
        "attribute_name": "O_dP_EE_d",
        "values": [
            0.0,
            0.0,
            0.0,
            0.0,
            0.0,
            0.0
        ]
    },
    {
        "timestamp": "2024-07-12T15:22:14.453043",
        "attribute_name": "O_T_EE",
        "values": [
            -0.03925728040881479,
            -0.9990959592571036,
            0.01571232103285865,
            0.0,
            -0.9985807185699419,
            0.03866516396272874,
            -0.03636345001896762,
            0.0,
            0.03572374430240595,
            -0.017117880553665584,
            -0.9992150880858268,
            0.0,
            0.05264075309013725,
            -0.4012388120384969,
            0.1433972728242001,
            1.0
        ]
    },
    {
        "timestamp": "2024-07-12T15:22:14.453043",
        "attribute_name": "O_F_ext_hat_K",
        "values": [
            -0.8237502935382226,
            -0.4473670309019326,
            -1.1345738209457392,
            0.29143146111953244,
            -0.06588595348248977,
            -0.4335154832904749
        ]
    },
    {
        "timestamp": "2024-07-12T15:22:14.453043",
        "attribute_name": "m_ee",
        "values": 0.7300000190734863
    },
    {
        "timestamp": "2024-07-12T15:22:14.453043",
        "attribute_name": "tau_ext_hat_filtered",
        "values": [
            -0.3644710105449016,
            0.1289173410599844,
            -0.4889769855492972,
            0.002443742376648909,
            0.03813190032015048,
            0.2161773274854077,
            0.07916991354147808
        ]
    },
    {
        "timestamp": "2024-07-12T15:22:14.453043",
        "attribute_name": "joint_contact",
        "values": [
            0.0,
            0.0,
            0.0,
            0.0,
            0.0,
            0.0,
            0.0
        ]
    },
    {
        "timestamp": "2024-07-12T15:22:14.453043",
        "attribute_name": "dq_d",
        "values": [
            0.0,
            0.0,
            0.0,
            0.0,
            0.0,
            0.0,
            0.0
        ]
    },
    {
        "timestamp": "2024-07-12T15:22:14.453043",
        "attribute_name": "EE_T_K",
        "values": [
            1.0,
            0.0,
            0.0,
            0.0,
            0.0,
            1.0,
            0.0,
            0.0,
            0.0,
            0.0,
            1.0,
            0.0,
            0.0,
            0.0,
            0.0,
            1.0
        ]
    },
    {
        "timestamp": "2024-07-12T15:22:14.453043",
        "attribute_name": "K_F_ext_hat_K",
        "values": [
            0.46148288600466064,
            0.8465569577177858,
            1.111913810979406,
            0.015179800520810093,
            0.23022652291643755,
            0.07136756560947531
        ]
    },
    {
        "timestamp": "2024-07-12T15:22:14.453043",
        "attribute_name": "O_dP_EE_c",
        "values": [
            0.0,
            0.0,
            0.0,
            0.0,
            0.0,
            0.0
        ]
    },
    {
        "timestamp": "2024-07-12T15:22:14.453043",
        "attribute_name": "O_F_ext_hat_K",
        "values": [
            -0.8237502935382226,
            -0.4473670309019326,
            -1.1345738209457392,
            0.29143146111953244,
            -0.06588595348248977,
            -0.4335154832904749
        ]
    },
    {
        "timestamp": "2024-07-12T15:22:14.453043",
        "attribute_name": "cartesian_contact",
        "values": [
            0.0,
            0.0,
            0.0,
            0.0,
            0.0,
            0.0
        ]
    },
    {
        "timestamp": "2024-07-12T15:22:14.453043",
        "attribute_name": "joint_collision",
        "values": [
            0.0,
            0.0,
            0.0,
            0.0,
            0.0,
            0.0,
            0.0
        ]
    },
    {
        "timestamp": "2024-07-12T15:22:14.453043",
        "attribute_name": "cartesian_collision",
        "values": [
            0.0,
            0.0,
            0.0,
            0.0,
            0.0,
            0.0
        ]
    },
    {
        "timestamp": "2024-07-12T15:22:14.453043",
        "attribute_name": "theta",
        "values": [
            -1.6390234231948853,
            -0.06981849670410156,
            0.20147880911827087,
            -2.7246344089508057,
            0.10495784133672714,
            2.6786038875579834,
            0.86402428150177
        ]
    },
    {
        "timestamp": "2024-07-12T15:22:14.453043",
        "attribute_name": "control_command_success_rate",
        "values": 0.0
    },
    {
        "timestamp": "2024-07-12T15:22:14.453043",
        "attribute_name": "ddelbow_c",
        "values": [
            0.0,
            0.0
        ]
    },
    {
        "timestamp": "2024-07-12T15:22:14.453043",
        "attribute_name": "O_T_EE_d",
        "values": [
            -0.03934181759701761,
            -0.9990911602084289,
            0.015805754735114738,
            0.0,
            -0.9985777141564641,
            0.038746387221573024,
            -0.03635949901381063,
            0.0,
            0.035714725780153084,
            -0.017214054635923525,
            -0.999213758254679,
            0.0,
            0.05260609722290817,
            -0.4012605621325585,
            0.14341086306324782,
            1.0
        ]
    },
    {
        "timestamp": "2024-07-12T15:22:14.476103",
        "attribute_name": "elbow",
        "values": [
            0.20152138457234425,
            -1.0
        ]
    },
    {
        "timestamp": "2024-07-12T15:22:14.476103",
        "attribute_name": "O_T_EE",
        "values": [
            -0.039305411624303406,
            -0.9990942440390048,
            0.015701052397255912,
            0.0,
            -0.9985787103840698,
            0.03871361136940951,
            -0.036367050521512394,
            0.0,
            0.035726954262700575,
            -0.017108487936242926,
            -0.9992151341826475,
            0.0,
            0.0526236276349327,
            -0.4012426592266953,
            0.14339310298876481,
            1.0
        ]
    },
    {
        "timestamp": "2024-07-12T15:22:14.476103",
        "attribute_name": "tau_J_d",
        "values": [
            0.0,
            0.0,
            0.0,
            0.0,
            0.0,
            0.0,
            0.0
        ]
    },
    {
        "timestamp": "2024-07-12T15:22:14.476103",
        "attribute_name": "q",
        "values": [
            -1.639007680845438,
            -0.06833523570126442,
            0.20152138457234425,
            -2.7257653309678087,
            0.10491843732979333,
            2.678323776551226,
            0.8640139203369618
        ]
    },
    {
        "timestamp": "2024-07-12T15:22:14.476103",
        "attribute_name": "q_d",
        "values": [
            -1.6390044621961157,
            -0.06837574825788799,
            0.20147740815875356,
            -2.725782479976033,
            0.10489012334654187,
            2.6784038455932504,
            0.8640319389197381
        ]
    },
    {
        "timestamp": "2024-07-12T15:22:14.476103",
        "attribute_name": "dq",
        "values": [
            -0.001335580225671932,
            -0.0014137239599720506,
            -0.0012077497790293653,
            0.0007757556363789039,
            -5.030669571629182e-05,
            0.000554805096883787,
            -0.0002989885551320434
        ]
    },
    {
        "timestamp": "2024-07-12T15:22:14.476103",
        "attribute_name": "tau_J",
        "values": [
            -0.22432845830917358,
            -21.080739974975586,
            -0.6972149610519409,
            16.125864028930664,
            0.354636549949646,
            2.489208221435547,
            0.09325048327445984
        ]
    },
    {
        "timestamp": "2024-07-12T15:22:14.476103",
        "attribute_name": "dtau_J",
        "values": [
            124.85760498046875,
            65.39781951904297,
            -25.105751037597656,
            22.312828063964844,
            21.53058624267578,
            -34.440879821777344,
            17.89857292175293
        ]
    },
    {
        "timestamp": "2024-07-12T15:22:14.476103",
        "attribute_name": "ddq_d",
        "values": [
            0.0,
            0.0,
            0.0,
            0.0,
            0.0,
            0.0,
            0.0
        ]
    },
    {
        "timestamp": "2024-07-12T15:22:14.476103",
        "attribute_name": "delbow_c",
        "values": [
            0.0,
            0.0
        ]
    },
    {
        "timestamp": "2024-07-12T15:22:14.476103",
        "attribute_name": "elbow_c",
        "values": [
            0.20147740815875356,
            -1.0
        ]
    },
    {
        "timestamp": "2024-07-12T15:22:14.476103",
        "attribute_name": "elbow_d",
        "values": [
            0.20147740815875356,
            -1.0
        ]
    },
    {
        "timestamp": "2024-07-12T15:22:14.476103",
        "attribute_name": "F_T_EE",
        "values": [
            0.707099974155426,
            -0.707099974155426,
            0.0,
            0.0,
            0.707099974155426,
            0.707099974155426,
            0.0,
            0.0,
            0.0,
            0.0,
            1.0,
            0.0,
            0.0,
            0.0,
            0.10339999943971634,
            1.0
        ]
    },
    {
        "timestamp": "2024-07-12T15:22:14.476103",
        "attribute_name": "O_ddP_EE_c",
        "values": [
            0.0,
            0.0,
            0.0,
            0.0,
            0.0,
            0.0
        ]
    },
    {
        "timestamp": "2024-07-12T15:22:14.476103",
        "attribute_name": "O_dP_EE_d",
        "values": [
            0.0,
            0.0,
            0.0,
            0.0,
            0.0,
            0.0
        ]
    },
    {
        "timestamp": "2024-07-12T15:22:14.476103",
        "attribute_name": "O_T_EE",
        "values": [
            -0.039305411624303406,
            -0.9990942440390048,
            0.015701052397255912,
            0.0,
            -0.9985787103840698,
            0.03871361136940951,
            -0.036367050521512394,
            0.0,
            0.035726954262700575,
            -0.017108487936242926,
            -0.9992151341826475,
            0.0,
            0.0526236276349327,
            -0.4012426592266953,
            0.14339310298876481,
            1.0
        ]
    },
    {
        "timestamp": "2024-07-12T15:22:14.476103",
        "attribute_name": "O_F_ext_hat_K",
        "values": [
            -0.8734662633612207,
            0.07918950556101698,
            -0.8016629879443308,
            0.008892227663142523,
            -0.10600473921605612,
            -0.42635974902943224
        ]
    },
    {
        "timestamp": "2024-07-12T15:22:14.476103",
        "attribute_name": "m_ee",
        "values": 0.7300000190734863
    },
    {
        "timestamp": "2024-07-12T15:22:14.476103",
        "attribute_name": "tau_ext_hat_filtered",
        "values": [
            -0.356124419968691,
            0.02357698147478369,
            -0.4851420186757115,
            -0.07801675388818094,
            0.04173011498537656,
            0.2106191730206017,
            0.07755048030242645
        ]
    },
    {
        "timestamp": "2024-07-12T15:22:14.476103",
        "attribute_name": "joint_contact",
        "values": [
            0.0,
            0.0,
            0.0,
            0.0,
            0.0,
            0.0,
            0.0
        ]
    },
    {
        "timestamp": "2024-07-12T15:22:14.476103",
        "attribute_name": "dq_d",
        "values": [
            0.0,
            0.0,
            0.0,
            0.0,
            0.0,
            0.0,
            0.0
        ]
    },
    {
        "timestamp": "2024-07-12T15:22:14.476103",
        "attribute_name": "EE_T_K",
        "values": [
            1.0,
            0.0,
            0.0,
            0.0,
            0.0,
            1.0,
            0.0,
            0.0,
            0.0,
            0.0,
            1.0,
            0.0,
            0.0,
            0.0,
            0.0,
            1.0
        ]
    },
    {
        "timestamp": "2024-07-12T15:22:14.476103",
        "attribute_name": "K_F_ext_hat_K",
        "values": [
            -0.057373885376689825,
            0.9044620586552321,
            0.7684726881263706,
            0.03351114665694877,
            0.30300863026869285,
            0.06961613247832382
        ]
    },
    {
        "timestamp": "2024-07-12T15:22:14.476103",
        "attribute_name": "O_dP_EE_c",
        "values": [
            0.0,
            0.0,
            0.0,
            0.0,
            0.0,
            0.0
        ]
    },
    {
        "timestamp": "2024-07-12T15:22:14.476103",
        "attribute_name": "O_F_ext_hat_K",
        "values": [
            -0.8734662633612207,
            0.07918950556101698,
            -0.8016629879443308,
            0.008892227663142523,
            -0.10600473921605612,
            -0.42635974902943224
        ]
    },
    {
        "timestamp": "2024-07-12T15:22:14.476103",
        "attribute_name": "cartesian_contact",
        "values": [
            0.0,
            0.0,
            0.0,
            0.0,
            0.0,
            0.0
        ]
    },
    {
        "timestamp": "2024-07-12T15:22:14.476103",
        "attribute_name": "joint_collision",
        "values": [
            0.0,
            0.0,
            0.0,
            0.0,
            0.0,
            0.0,
            0.0
        ]
    },
    {
        "timestamp": "2024-07-12T15:22:14.476103",
        "attribute_name": "cartesian_collision",
        "values": [
            0.0,
            0.0,
            0.0,
            0.0,
            0.0,
            0.0
        ]
    },
    {
        "timestamp": "2024-07-12T15:22:14.476103",
        "attribute_name": "theta",
        "values": [
            -1.6390234231948853,
            -0.06981530785560608,
            0.2014724165201187,
            -2.7246344089508057,
            0.10495784133672714,
            2.6785991191864014,
            0.86402428150177
        ]
    },
    {
        "timestamp": "2024-07-12T15:22:14.476103",
        "attribute_name": "control_command_success_rate",
        "values": 0.0
    },
    {
        "timestamp": "2024-07-12T15:22:14.476103",
        "attribute_name": "ddelbow_c",
        "values": [
            0.0,
            0.0
        ]
    },
    {
        "timestamp": "2024-07-12T15:22:14.476103",
        "attribute_name": "O_T_EE_d",
        "values": [
            -0.03934181759701761,
            -0.9990911602084289,
            0.015805754735114738,
            0.0,
            -0.9985777141564641,
            0.038746387221573024,
            -0.03635949901381063,
            0.0,
            0.035714725780153084,
            -0.017214054635923525,
            -0.999213758254679,
            0.0,
            0.05260609722290817,
            -0.4012605621325585,
            0.14341086306324782,
            1.0
        ]
    },
    {
        "timestamp": "2024-07-12T15:22:14.507519",
        "attribute_name": "elbow",
        "values": [
            0.2015099505592168,
            -1.0
        ]
    },
    {
        "timestamp": "2024-07-12T15:22:14.507519",
        "attribute_name": "O_T_EE",
        "values": [
            -0.03933743135710649,
            -0.9990925465005016,
            0.015728856365815152,
            0.0,
            -0.9985775806905368,
            0.03874465600666199,
            -0.0363650089284781,
            0.0,
            0.03572328802858854,
            -0.01713731932583125,
            -0.999214771197239,
            0.0,
            0.05261238256498965,
            -0.4012440084632749,
            0.14340476761684987,
            1.0
        ]
    },
    {
        "timestamp": "2024-07-12T15:22:14.507519",
        "attribute_name": "tau_J_d",
        "values": [
            0.0,
            0.0,
            0.0,
            0.0,
            0.0,
            0.0,
            0.0
        ]
    },
    {
        "timestamp": "2024-07-12T15:22:14.507519",
        "attribute_name": "q",
        "values": [
            -1.639020396694166,
            -0.06837853993248318,
            0.2015099505592168,
            -2.72578188834645,
            0.1049208272191764,
            2.6783249560299875,
            0.8640195152266986
        ]
    },
    {
        "timestamp": "2024-07-12T15:22:14.507519",
        "attribute_name": "q_d",
        "values": [
            -1.6390044621961157,
            -0.06837574825788799,
            0.20147740815875356,
            -2.725782479976033,
            0.10489012334654187,
            2.6784038455932504,
            0.8640319389197381
        ]
    },
    {
        "timestamp": "2024-07-12T15:22:14.507519",
        "attribute_name": "dq",
        "values": [
            0.002286012980005635,
            -0.0008481370579851743,
            0.002313665245739769,
            -9.087638980189295e-05,
            -0.0001785961851568026,
            -0.0005526862085448661,
            0.0017461680197823814
        ]
    },
    {
        "timestamp": "2024-07-12T15:22:14.507519",
        "attribute_name": "tau_J",
        "values": [
            -0.14895004034042358,
            -20.505483627319336,
            -0.6615093946456909,
            16.351999282836914,
            0.336326003074646,
            2.510265350341797,
            0.04289647564291954
        ]
    },
    {
        "timestamp": "2024-07-12T15:22:14.507519",
        "attribute_name": "dtau_J",
        "values": [
            -26.39960479736328,
            -135.67520141601562,
            -73.45555114746094,
            -26.25301742553711,
            -4.678262233734131,
            14.129783630371094,
            -86.0527572631836
        ]
    },
    {
        "timestamp": "2024-07-12T15:22:14.507519",
        "attribute_name": "ddq_d",
        "values": [
            0.0,
            0.0,
            0.0,
            0.0,
            0.0,
            0.0,
            0.0
        ]
    },
    {
        "timestamp": "2024-07-12T15:22:14.507519",
        "attribute_name": "delbow_c",
        "values": [
            0.0,
            0.0
        ]
    },
    {
        "timestamp": "2024-07-12T15:22:14.507519",
        "attribute_name": "elbow_c",
        "values": [
            0.20147740815875356,
            -1.0
        ]
    },
    {
        "timestamp": "2024-07-12T15:22:14.507519",
        "attribute_name": "elbow_d",
        "values": [
            0.20147740815875356,
            -1.0
        ]
    },
    {
        "timestamp": "2024-07-12T15:22:14.507519",
        "attribute_name": "F_T_EE",
        "values": [
            0.707099974155426,
            -0.707099974155426,
            0.0,
            0.0,
            0.707099974155426,
            0.707099974155426,
            0.0,
            0.0,
            0.0,
            0.0,
            1.0,
            0.0,
            0.0,
            0.0,
            0.10339999943971634,
            1.0
        ]
    },
    {
        "timestamp": "2024-07-12T15:22:14.507519",
        "attribute_name": "O_ddP_EE_c",
        "values": [
            0.0,
            0.0,
            0.0,
            0.0,
            0.0,
            0.0
        ]
    },
    {
        "timestamp": "2024-07-12T15:22:14.507519",
        "attribute_name": "O_dP_EE_d",
        "values": [
            0.0,
            0.0,
            0.0,
            0.0,
            0.0,
            0.0
        ]
    },
    {
        "timestamp": "2024-07-12T15:22:14.507519",
        "attribute_name": "O_T_EE",
        "values": [
            -0.03933743135710649,
            -0.9990925465005016,
            0.015728856365815152,
            0.0,
            -0.9985775806905368,
            0.03874465600666199,
            -0.0363650089284781,
            0.0,
            0.03572328802858854,
            -0.01713731932583125,
            -0.999214771197239,
            0.0,
            0.05261238256498965,
            -0.4012440084632749,
            0.14340476761684987,
            1.0
        ]
    },
    {
        "timestamp": "2024-07-12T15:22:14.507519",
        "attribute_name": "O_F_ext_hat_K",
        "values": [
            -0.563626869553559,
            0.2255631746007822,
            -0.7904361259284147,
            -0.03977366782541881,
            -0.04306785793662879,
            -0.3006288710787987
        ]
    },
    {
        "timestamp": "2024-07-12T15:22:14.507519",
        "attribute_name": "m_ee",
        "values": 0.7300000190734863
    },
    {
        "timestamp": "2024-07-12T15:22:14.507519",
        "attribute_name": "tau_ext_hat_filtered",
        "values": [
            -0.23325021190958953,
            0.026358558443272142,
            -0.3594390807762336,
            -0.10537617589649789,
            0.04261357533853463,
            0.2052610835844495,
            0.08235557043503684
        ]
    },
    {
        "timestamp": "2024-07-12T15:22:14.507519",
        "attribute_name": "joint_contact",
        "values": [
            0.0,
            0.0,
            0.0,
            0.0,
            0.0,
            0.0,
            0.0
        ]
    },
    {
        "timestamp": "2024-07-12T15:22:14.507519",
        "attribute_name": "dq_d",
        "values": [
            0.0,
            0.0,
            0.0,
            0.0,
            0.0,
            0.0,
            0.0
        ]
    },
    {
        "timestamp": "2024-07-12T15:22:14.507519",
        "attribute_name": "EE_T_K",
        "values": [
            1.0,
            0.0,
            0.0,
            0.0,
            0.0,
            1.0,
            0.0,
            0.0,
            0.0,
            0.0,
            1.0,
            0.0,
            0.0,
            0.0,
            0.0,
            1.0
        ]
    },
    {
        "timestamp": "2024-07-12T15:22:14.507519",
        "attribute_name": "K_F_ext_hat_K",
        "values": [
            -0.21562366093127394,
            0.6003202982214384,
            0.7658152995625979,
            0.015233770286331745,
            0.3271148891700664,
            0.07474695202783324
        ]
    },
    {
        "timestamp": "2024-07-12T15:22:14.507519",
        "attribute_name": "O_dP_EE_c",
        "values": [
            0.0,
            0.0,
            0.0,
            0.0,
            0.0,
            0.0
        ]
    },
    {
        "timestamp": "2024-07-12T15:22:14.507519",
        "attribute_name": "O_F_ext_hat_K",
        "values": [
            -0.563626869553559,
            0.2255631746007822,
            -0.7904361259284147,
            -0.03977366782541881,
            -0.04306785793662879,
            -0.3006288710787987
        ]
    },
    {
        "timestamp": "2024-07-12T15:22:14.507519",
        "attribute_name": "cartesian_contact",
        "values": [
            0.0,
            0.0,
            0.0,
            0.0,
            0.0,
            0.0
        ]
    },
    {
        "timestamp": "2024-07-12T15:22:14.507519",
        "attribute_name": "joint_collision",
        "values": [
            0.0,
            0.0,
            0.0,
            0.0,
            0.0,
            0.0,
            0.0
        ]
    },
    {
        "timestamp": "2024-07-12T15:22:14.507519",
        "attribute_name": "cartesian_collision",
        "values": [
            0.0,
            0.0,
            0.0,
            0.0,
            0.0,
            0.0
        ]
    },
    {
        "timestamp": "2024-07-12T15:22:14.507519",
        "attribute_name": "theta",
        "values": [
            -1.6390297412872314,
            -0.06981849670410156,
            0.20146282017230988,
            -2.7246344089508057,
            0.10495784133672714,
            2.6786038875579834,
            0.86402428150177
        ]
    },
    {
        "timestamp": "2024-07-12T15:22:14.507519",
        "attribute_name": "control_command_success_rate",
        "values": 0.0
    },
    {
        "timestamp": "2024-07-12T15:22:14.507519",
        "attribute_name": "ddelbow_c",
        "values": [
            0.0,
            0.0
        ]
    },
    {
        "timestamp": "2024-07-12T15:22:14.507519",
        "attribute_name": "O_T_EE_d",
        "values": [
            -0.03934181759701761,
            -0.9990911602084289,
            0.015805754735114738,
            0.0,
            -0.9985777141564641,
            0.038746387221573024,
            -0.03635949901381063,
            0.0,
            0.035714725780153084,
            -0.017214054635923525,
            -0.999213758254679,
            0.0,
            0.05260609722290817,
            -0.4012605621325585,
            0.14341086306324782,
            1.0
        ]
    },
    {
        "timestamp": "2024-07-12T15:22:14.555020",
        "attribute_name": "elbow",
        "values": [
            0.20152204636190718,
            -1.0
        ]
    },
    {
        "timestamp": "2024-07-12T15:22:14.555020",
        "attribute_name": "O_T_EE",
        "values": [
            -0.03931237717215003,
            -0.9990939584805134,
            0.015701784294177203,
            0.0,
            -0.9985785299204174,
            0.038720589528627856,
            -0.036364576578611585,
            0.0,
            0.03572433422200695,
            -0.017109372036200898,
            -0.999215212720924,
            0.0,
            0.05261841347807552,
            -0.4012380772137106,
            0.14339417065123647,
            1.0
        ]
    },
    {
        "timestamp": "2024-07-12T15:22:14.555020",
        "attribute_name": "tau_J_d",
        "values": [
            0.0,
            0.0,
            0.0,
            0.0,
            0.0,
            0.0,
            0.0
        ]
    },
    {
        "timestamp": "2024-07-12T15:22:14.555020",
        "attribute_name": "q",
        "values": [
            -1.6390179025372582,
            -0.06835210523267478,
            0.20152204636190718,
            -2.72578168804512,
            0.10492047178082996,
            2.6783237319796886,
            0.864009342700243
        ]
    },
    {
        "timestamp": "2024-07-12T15:22:14.555020",
        "attribute_name": "q_d",
        "values": [
            -1.6390044621961157,
            -0.06837574825788799,
            0.20147740815875356,
            -2.725782479976033,
            0.10489012334654187,
            2.6784038455932504,
            0.8640319389197381
        ]
    },
    {
        "timestamp": "2024-07-12T15:22:14.555020",
        "attribute_name": "dq",
        "values": [
            -0.0029509248316716918,
            3.569860540694725e-05,
            -0.002236060261871433,
            -0.0003550830763359065,
            0.0010004077630110866,
            -0.0006703347192999073,
            -0.0015131134408987376
        ]
    },
    {
        "timestamp": "2024-07-12T15:22:14.555020",
        "attribute_name": "tau_J",
        "values": [
            -0.07357162237167358,
            -20.850637435913086,
            -0.6615093946456909,
            16.351999282836914,
            0.336326003074646,
            2.520336151123047,
            0.13444921374320984
        ]
    },
    {
        "timestamp": "2024-07-12T15:22:14.555020",
        "attribute_name": "dtau_J",
        "values": [
            145.78948974609375,
            38.41926956176758,
            -158.62042236328125,
            35.7289924621582,
            -29.921199798583984,
            32.47602462768555,
            81.34615325927734
        ]
    },
    {
        "timestamp": "2024-07-12T15:22:14.555020",
        "attribute_name": "ddq_d",
        "values": [
            0.0,
            0.0,
            0.0,
            0.0,
            0.0,
            0.0,
            0.0
        ]
    },
    {
        "timestamp": "2024-07-12T15:22:14.555020",
        "attribute_name": "delbow_c",
        "values": [
            0.0,
            0.0
        ]
    },
    {
        "timestamp": "2024-07-12T15:22:14.555020",
        "attribute_name": "elbow_c",
        "values": [
            0.20147740815875356,
            -1.0
        ]
    },
    {
        "timestamp": "2024-07-12T15:22:14.555020",
        "attribute_name": "elbow_d",
        "values": [
            0.20147740815875356,
            -1.0
        ]
    },
    {
        "timestamp": "2024-07-12T15:22:14.555020",
        "attribute_name": "F_T_EE",
        "values": [
            0.707099974155426,
            -0.707099974155426,
            0.0,
            0.0,
            0.707099974155426,
            0.707099974155426,
            0.0,
            0.0,
            0.0,
            0.0,
            1.0,
            0.0,
            0.0,
            0.0,
            0.10339999943971634,
            1.0
        ]
    },
    {
        "timestamp": "2024-07-12T15:22:14.555020",
        "attribute_name": "O_ddP_EE_c",
        "values": [
            0.0,
            0.0,
            0.0,
            0.0,
            0.0,
            0.0
        ]
    },
    {
        "timestamp": "2024-07-12T15:22:14.555020",
        "attribute_name": "O_dP_EE_d",
        "values": [
            0.0,
            0.0,
            0.0,
            0.0,
            0.0,
            0.0
        ]
    },
    {
        "timestamp": "2024-07-12T15:22:14.555020",
        "attribute_name": "O_T_EE",
        "values": [
            -0.03931237717215003,
            -0.9990939584805134,
            0.015701784294177203,
            0.0,
            -0.9985785299204174,
            0.038720589528627856,
            -0.036364576578611585,
            0.0,
            0.03572433422200695,
            -0.017109372036200898,
            -0.999215212720924,
            0.0,
            0.05261841347807552,
            -0.4012380772137106,
            0.14339417065123647,
            1.0
        ]
    },
    {
        "timestamp": "2024-07-12T15:22:14.555020",
        "attribute_name": "O_F_ext_hat_K",
        "values": [
            -1.0166226194136614,
            -0.147055531080711,
            -0.8360071392277092,
            0.09342341731630342,
            -0.12472720776103684,
            -0.49969002816892466
        ]
    },
    {
        "timestamp": "2024-07-12T15:22:14.555020",
        "attribute_name": "m_ee",
        "values": 0.7300000190734863
    },
    {
        "timestamp": "2024-07-12T15:22:14.555020",
        "attribute_name": "tau_ext_hat_filtered",
        "values": [
            -0.43208231954880544,
            0.0307408557513499,
            -0.5536356462303058,
            -0.023848678532186952,
            0.045231898374574656,
            0.21581217337088424,
            0.08261336235081213
        ]
    },
    {
        "timestamp": "2024-07-12T15:22:14.555020",
        "attribute_name": "joint_contact",
        "values": [
            0.0,
            0.0,
            0.0,
            0.0,
            0.0,
            0.0,
            0.0
        ]
    },
    {
        "timestamp": "2024-07-12T15:22:14.555020",
        "attribute_name": "dq_d",
        "values": [
            0.0,
            0.0,
            0.0,
            0.0,
            0.0,
            0.0,
            0.0
        ]
    },
    {
        "timestamp": "2024-07-12T15:22:14.555020",
        "attribute_name": "EE_T_K",
        "values": [
            1.0,
            0.0,
            0.0,
            0.0,
            0.0,
            1.0,
            0.0,
            0.0,
            0.0,
            0.0,
            1.0,
            0.0,
            0.0,
            0.0,
            0.0,
            1.0
        ]
    },
    {
        "timestamp": "2024-07-12T15:22:14.555020",
        "attribute_name": "K_F_ext_hat_K",
        "values": [
            0.17376468626013603,
            1.0399045109400427,
            0.8015489130172816,
            0.031941012435652595,
            0.2648943435615918,
            0.07497188427874514
        ]
    },
    {
        "timestamp": "2024-07-12T15:22:14.555020",
        "attribute_name": "O_dP_EE_c",
        "values": [
            0.0,
            0.0,
            0.0,
            0.0,
            0.0,
            0.0
        ]
    },
    {
        "timestamp": "2024-07-12T15:22:14.555020",
        "attribute_name": "O_F_ext_hat_K",
        "values": [
            -1.0166226194136614,
            -0.147055531080711,
            -0.8360071392277092,
            0.09342341731630342,
            -0.12472720776103684,
            -0.49969002816892466
        ]
    },
    {
        "timestamp": "2024-07-12T15:22:14.555020",
        "attribute_name": "cartesian_contact",
        "values": [
            0.0,
            0.0,
            0.0,
            0.0,
            0.0,
            0.0
        ]
    },
    {
        "timestamp": "2024-07-12T15:22:14.555020",
        "attribute_name": "joint_collision",
        "values": [
            0.0,
            0.0,
            0.0,
            0.0,
            0.0,
            0.0,
            0.0
        ]
    },
    {
        "timestamp": "2024-07-12T15:22:14.555020",
        "attribute_name": "cartesian_collision",
        "values": [
            0.0,
            0.0,
            0.0,
            0.0,
            0.0,
            0.0
        ]
    },
    {
        "timestamp": "2024-07-12T15:22:14.555020",
        "attribute_name": "theta",
        "values": [
            -1.6390234231948853,
            -0.06981530785560608,
            0.2014756202697754,
            -2.7246344089508057,
            0.10495784133672714,
            2.6786038875579834,
            0.86402428150177
        ]
    },
    {
        "timestamp": "2024-07-12T15:22:14.555020",
        "attribute_name": "control_command_success_rate",
        "values": 0.0
    },
    {
        "timestamp": "2024-07-12T15:22:14.555020",
        "attribute_name": "ddelbow_c",
        "values": [
            0.0,
            0.0
        ]
    },
    {
        "timestamp": "2024-07-12T15:22:14.555020",
        "attribute_name": "O_T_EE_d",
        "values": [
            -0.03934181759701761,
            -0.9990911602084289,
            0.015805754735114738,
            0.0,
            -0.9985777141564641,
            0.038746387221573024,
            -0.03635949901381063,
            0.0,
            0.035714725780153084,
            -0.017214054635923525,
            -0.999213758254679,
            0.0,
            0.05260609722290817,
            -0.4012605621325585,
            0.14341086306324782,
            1.0
        ]
    },
    {
        "timestamp": "2024-07-12T15:22:14.618745",
        "attribute_name": "elbow",
        "values": [
            0.2014947754032741,
            -1.0
        ]
    },
    {
        "timestamp": "2024-07-12T15:22:14.618745",
        "attribute_name": "O_T_EE",
        "values": [
            -0.039353587749618654,
            -0.9990918672458046,
            0.015731587196877297,
            0.0,
            -0.9985769674129737,
            0.03876071110212545,
            -0.03636474018021765,
            0.0,
            0.035722636433494485,
            -0.017140613639252462,
            -0.9992147379869406,
            0.0,
            0.05260423006699231,
            -0.40124552502735467,
            0.14340598505844224,
            1.0
        ]
    },
    {
        "timestamp": "2024-07-12T15:22:14.618745",
